# Zini Age Mini  Mass   logL    logTe  logg  label   McoreTP C_O  period0 period1 pmode  Mloss  tau1m   X   Y   Xc  Xn  Xo  Cexcess  Z 	 mbolmag  Umag    Bmag    Vmag    Rmag    Imag    Jmag    Hmag    Kmag
0.00800 2.51e+07 0.0900000036    0.090 -2.284  3.4307  4.351    0  0.000  0.545     0.00     0.00 -1  1.47e-15      0.00 7.289e-01 2.631e-01 1.439e-03 3.881e-04 3.520e-03 -1.000 8.000e-03 10.480 17.273 15.678 13.975 12.398 10.394 8.455 7.961 7.613
0.00800 2.51e+07 0.0920471698    0.092 -2.270  3.4324  4.353    0  0.000  0.545     0.00     0.00 -1   1.5e-15      0.00 7.289e-01 2.631e-01 1.439e-03 3.881e-04 3.520e-03 -1.000 8.000e-03 10.444 17.332 15.644 13.912 12.333 10.335 8.423 7.923 7.583
0.00800 2.51e+07 0.1000000015    0.100 -2.213  3.4386  4.358    0  0.000  0.545     0.00     0.00 -1  1.63e-15      0.00 7.289e-01 2.631e-01 1.439e-03 3.881e-04 3.520e-03 -1.000 8.000e-03 10.303 17.539 15.511 13.670 12.084 10.108 8.299 7.777 7.464
0.00800 2.51e+07 0.1093334258    0.109 -2.157  3.4452  4.366    0  0.000  0.545     0.00     0.00 -1  1.76e-15      0.00 7.289e-01 2.631e-01 1.439e-03 3.881e-04 3.520e-03 -1.000 8.000e-03 10.161 17.666 15.349 13.416 11.832 9.885 8.176 7.634 7.345
0.00800 2.51e+07 0.1200000048    0.120 -2.096  3.4521  4.373    0  0.000  0.545     0.00     0.00 -1  1.92e-15      0.00 7.289e-01 2.631e-01 1.439e-03 3.881e-04 3.520e-03 -1.000 8.000e-03 10.010 17.368 15.045 13.109 11.574 9.684 8.043 7.492 7.211
0.00800 2.51e+07 0.1400000006    0.140 -1.996  3.4628  4.383    0  0.000  0.545     0.00     0.00 -1  2.21e-15      0.00 7.289e-01 2.631e-01 1.439e-03 3.881e-04 3.520e-03 -1.000 8.000e-03 9.759 16.789 14.532 12.619 11.164 9.371 7.823 7.264 6.989
0.00800 2.51e+07 0.1599999964    0.160 -1.910  3.4717  4.391    0  0.000  0.545     0.00     0.00 -1  2.49e-15      0.00 7.289e-01 2.631e-01 1.439e-03 3.881e-04 3.520e-03 -1.000 8.000e-03 9.546 16.204 14.079 12.209 10.827 9.121 7.636 7.073 6.799
0.00800 2.51e+07 0.1708450168    0.171 -1.869  3.4759  4.395    0  0.000  0.545     0.00     0.00 -1  2.64e-15      0.00 7.289e-01 2.631e-01 1.439e-03 3.881e-04 3.520e-03 -1.000 8.000e-03 9.442 15.937 13.867 12.017 10.665 9.001 7.543 6.980 6.707
0.00800 2.51e+07 0.2090201378    0.209 -1.740  3.4888  4.405    0  0.000  0.545     0.00     0.00 -1  3.18e-15      0.00 7.289e-01 2.631e-01 1.439e-03 3.881e-04 3.520e-03 -1.000 8.000e-03 9.119 15.142 13.230 11.440 10.173 8.632 7.255 6.690 6.419
0.00800 2.51e+07 0.2284052819    0.228 -1.684  3.4941  4.409    0  0.000  0.545     0.00     0.00 -1  3.44e-15      0.00 7.289e-01 2.631e-01 1.439e-03 3.881e-04 3.520e-03 -1.000 8.000e-03 8.979 14.826 12.971 11.204 9.968 8.476 7.129 6.563 6.294
0.00800 2.51e+07 0.2395542711    0.240 -1.655  3.4970  4.412    0  0.000  0.545     0.00     0.00 -1  3.58e-15      0.00 7.289e-01 2.631e-01 1.439e-03 3.881e-04 3.520e-03 -1.000 8.000e-03 8.907 14.656 12.833 11.079 9.859 8.394 7.064 6.497 6.230
0.00800 2.51e+07 0.2641113997    0.264 -1.591  3.5031  4.415    0  0.000  0.545     0.00     0.00 -1  3.93e-15      0.00 7.289e-01 2.631e-01 1.439e-03 3.881e-04 3.520e-03 -1.000 8.000e-03 8.748 14.310 12.545 10.818 9.629 8.218 6.920 6.353 6.089
0.00800 2.51e+07 0.2930814326    0.293 -1.524  3.5095  4.419    0  0.000  0.545     0.00     0.00 -1  4.34e-15      0.00 7.289e-01 2.631e-01 1.439e-03 3.881e-04 3.520e-03 -1.000 8.000e-03 8.581 13.957 12.248 10.548 9.390 8.033 6.768 6.201 5.940
0.00800 2.51e+07 0.3000000119    0.300 -1.510  3.5109  4.421    0  0.000  0.545     0.00     0.00 -1  4.43e-15      0.00 7.289e-01 2.631e-01 1.439e-03 3.881e-04 3.520e-03 -1.000 8.000e-03 8.544 13.879 12.183 10.489 9.338 7.993 6.735 6.168 5.907
0.00800 2.51e+07 0.3098001182    0.310 -1.490  3.5130  4.423    0  0.000  0.545     0.00     0.00 -1  4.55e-15      0.00 7.289e-01 2.631e-01 1.439e-03 3.881e-04 3.520e-03 -1.000 8.000e-03 8.495 13.769 12.091 10.406 9.265 7.938 6.691 6.124 5.864
0.00800 2.51e+07 0.3500000238    0.350 -1.412  3.5210  4.430    0  0.000  0.545     0.00     0.00 -1  5.08e-15      0.00 7.289e-01 2.631e-01 1.439e-03 3.881e-04 3.520e-03 -1.000 8.000e-03 8.299 13.369 11.747 10.095 8.986 7.722 6.514 5.945 5.690
0.00800 2.51e+07 0.3590948880    0.359 -1.395  3.5227  4.431    0  0.000  0.545     0.00     0.00 -1   5.2e-15      0.00 7.289e-01 2.631e-01 1.439e-03 3.881e-04 3.520e-03 -1.000 8.000e-03 8.259 13.288 11.677 10.031 8.929 7.677 6.477 5.908 5.654
0.00800 2.51e+07 0.4000000358    0.400 -1.326  3.5295  4.436    0  0.000  0.545     0.00     0.00 -1  5.74e-15      0.00 7.289e-01 2.631e-01 1.439e-03 3.881e-04 3.520e-03 -1.000 8.000e-03 8.086 12.949 11.383 9.764 8.687 7.488 6.320 5.750 5.500
0.00800 2.51e+07 0.4500000179    0.450 -1.248  3.5375  4.441    0  0.000  0.545     0.00     0.00 -1  6.45e-15      0.00 7.289e-01 2.631e-01 1.439e-03 3.881e-04 3.520e-03 -1.000 8.000e-03 7.890 12.577 11.054 9.465 8.415 7.275 6.143 5.571 5.325
0.00800 2.51e+07 0.4806644320    0.481 -1.202  3.5427  4.444    0  0.000  0.545     0.00     0.00 -1  6.92e-15      0.00 7.289e-01 2.631e-01 1.439e-03 3.881e-04 3.520e-03 -1.000 8.000e-03 7.774 12.349 10.853 9.283 8.249 7.148 6.040 5.466 5.223
0.00800 2.51e+07 0.5000000000    0.500 -1.173  3.5457  4.445    0  0.000  0.545     0.00     0.00 -1  7.23e-15      0.00 7.289e-01 2.631e-01 1.439e-03 3.881e-04 3.520e-03 -1.000 8.000e-03 7.703 12.222 10.738 9.178 8.153 7.072 5.976 5.401 5.160
0.00800 2.51e+07 0.5088481307    0.509 -1.161  3.5474  4.447    0  0.000  0.545     0.00     0.00 -1  7.36e-15      0.00 7.289e-01 2.631e-01 1.439e-03 3.881e-04 3.520e-03 -1.000 8.000e-03 7.672 12.160 10.683 9.128 8.107 7.039 5.949 5.373 5.133
0.00800 2.51e+07 0.5421327949    0.542 -1.108  3.5536  4.447    0  0.000  0.545     0.00     0.00 -1  8.05e-15      0.00 7.289e-01 2.631e-01 1.439e-03 3.881e-04 3.520e-03 -1.000 8.000e-03 7.541 11.914 10.461 8.927 7.923 6.897 5.833 5.254 5.018
0.00800 2.51e+07 0.5500000119    0.550 -1.094  3.5551  4.445    0  0.000  0.545     0.00     0.00 -1  8.26e-15      0.00 7.289e-01 2.631e-01 1.439e-03 3.881e-04 3.520e-03 -1.000 8.000e-03 7.506 11.852 10.404 8.875 7.876 6.860 5.802 5.223 4.987
0.00800 2.51e+07 0.5762968659    0.576 -1.051  3.5612  4.447    0  0.000  0.545     0.00     0.00 -1   8.9e-15      0.00 7.289e-01 2.631e-01 1.439e-03 3.881e-04 3.520e-03 -1.000 8.000e-03 7.398 11.645 10.218 8.707 7.722 6.745 5.711 5.128 4.897
0.00800 2.51e+07 0.6000000238    0.600 -1.009  3.5670  4.445    0  0.000  0.545     0.00     0.00 -1  9.63e-15      0.00 7.289e-01 2.631e-01 1.439e-03 3.881e-04 3.520e-03 -1.000 8.000e-03 7.293 11.448 10.039 8.546 7.575 6.635 5.622 5.036 4.809
0.00800 2.51e+07 0.6426466703    0.643 -0.928  3.5799  4.446    0  0.000  0.545     0.00     0.00 -1  1.12e-14      0.00 7.289e-01 2.631e-01 1.439e-03 3.881e-04 3.520e-03 -1.000 8.000e-03 7.090 11.048 9.752 8.317 7.353 6.418 5.406 4.829 4.619
0.00800 2.51e+07 0.6499999762    0.650 -0.913  3.5823  4.445    0  0.000  0.545     0.00     0.00 -1  1.15e-14      0.00 7.289e-01 2.631e-01 1.439e-03 3.881e-04 3.520e-03 -1.000 8.000e-03 7.052 10.972 9.702 8.279 7.315 6.376 5.361 4.787 4.582
0.00800 2.51e+07 0.6667646766    0.667 -0.878  3.5886  4.446    0  0.000  0.545     0.00     0.00 -1  1.23e-14      0.00 7.289e-01 2.631e-01 1.439e-03 3.881e-04 3.520e-03 -1.000 8.000e-03 6.965 10.656 9.468 8.099 7.170 6.291 5.300 4.691 4.512
0.00800 2.51e+07 0.6836131811    0.684 -0.834  3.5965  4.445    0  0.000  0.545     0.00     0.00 -1  1.34e-14      0.00 7.289e-01 2.631e-01 1.439e-03 3.881e-04 3.520e-03 -1.000 8.000e-03 6.854 10.196 9.119 7.827 6.959 6.187 5.240 4.566 4.429
0.00800 2.51e+07 0.7000000477    0.700 -0.788  3.6050  4.444    0  0.000  0.545     0.00     0.00 -1  1.47e-14      0.00 7.290e-01 2.630e-01 1.439e-03 3.881e-04 3.520e-03 -1.000 8.000e-03 6.741 9.925 8.886 7.630 6.796 6.079 5.158 4.464 4.341
0.00800 2.51e+07 0.7349572182    0.735 -0.666  3.6427  4.493    0  0.000  0.540     0.00     0.00 -1  1.79e-14      0.00 7.290e-01 2.630e-01 1.425e-03 3.877e-04 3.520e-03 -1.000 8.000e-03 6.436 9.035 8.153 7.041 6.338 5.770 4.961 4.284 4.191
0.00800 2.51e+07 0.7500000000    0.750 -0.611  3.6586  4.510    0  0.000  0.538     0.00     0.00 -1  1.98e-14      0.00 7.290e-01 2.630e-01 1.420e-03 3.876e-04 3.520e-03 -1.000 8.000e-03 6.297 8.614 7.834 6.789 6.142 5.620 4.864 4.228 4.147
0.00800 2.51e+07 0.7631431222    0.763 -0.574  3.6643  4.504    0  0.000  0.538     0.00     0.00 -1  2.14e-14      0.00 7.290e-01 2.630e-01 1.419e-03 3.876e-04 3.520e-03 -1.000 8.000e-03 6.206 8.421 7.683 6.660 6.034 5.524 4.789 4.172 4.094
0.00800 2.51e+07 0.7892673612    0.789 -0.492  3.6784  4.493    0  0.000  0.538     0.00     0.00 -1  2.58e-14      0.00 7.290e-01 2.630e-01 1.419e-03 3.876e-04 3.520e-03 -1.000 8.000e-03 5.999 7.968 7.335 6.365 5.787 5.309 4.624 4.052 3.982
0.00800 2.51e+07 0.7977272868    0.798 -0.464  3.6834  4.489    0  0.000  0.537     0.00     0.00 -1  2.75e-14      0.00 7.290e-01 2.630e-01 1.419e-03 3.876e-04 3.520e-03 -1.000 8.000e-03 5.930 7.813 7.218 6.267 5.705 5.237 4.570 4.014 3.946
0.00800 2.51e+07 0.8204404116    0.820 -0.389  3.6971  4.481    0  0.000  0.538     0.00     0.00 -1  3.25e-14      0.00 7.290e-01 2.630e-01 1.419e-03 3.876e-04 3.520e-03 -1.000 8.000e-03 5.743 7.397 6.910 6.010 5.489 5.048 4.428 3.915 3.853
0.00800 2.51e+07 0.8436664343    0.843 -0.311  3.7115  4.473    0  0.000  0.538     0.00     0.00 -1  3.87e-14      0.00 7.290e-01 2.630e-01 1.419e-03 3.876e-04 3.520e-03 -1.000 8.000e-03 5.548 6.976 6.601 5.757 5.273 4.858 4.286 3.814 3.760
0.00800 2.51e+07 0.8454545736    0.845 -0.305  3.7126  4.473    0  0.000  0.538     0.00     0.00 -1  3.92e-14      0.00 7.290e-01 2.630e-01 1.419e-03 3.876e-04 3.520e-03 -1.000 8.000e-03 5.533 6.943 6.577 5.738 5.257 4.843 4.275 3.806 3.752
0.00800 2.51e+07 0.8593704104    0.859 -0.258  3.7213  4.467    0  0.000  0.537     0.00     0.00 -1  4.36e-14      0.00 7.290e-01 2.630e-01 1.419e-03 3.876e-04 3.520e-03 -1.000 8.000e-03 5.415 6.693 6.394 5.589 5.129 4.730 4.189 3.745 3.694
0.00800 2.51e+07 0.8817254901    0.881 -0.182  3.7352  4.458    0  0.000  0.537     0.00     0.00 -1  5.19e-14      0.00 7.290e-01 2.630e-01 1.419e-03 3.876e-04 3.520e-03 -1.000 8.000e-03 5.224 6.302 6.105 5.358 4.929 4.553 4.054 3.646 3.600
0.00800 2.51e+07 0.8931818008    0.893 -0.143  3.7423  4.452    0  0.000  0.537     0.00     0.00 -1  5.67e-14      0.00 7.290e-01 2.630e-01 1.419e-03 3.876e-04 3.520e-03 -1.000 8.000e-03 5.126 6.110 5.960 5.244 4.829 4.465 3.987 3.595 3.553
0.00800 2.51e+07 0.8939617276    0.893 -0.140  3.7428  4.452    0  0.000  0.537     0.00     0.00 -1  5.71e-14      0.00 7.290e-01 2.630e-01 1.419e-03 3.876e-04 3.520e-03 -1.000 8.000e-03 5.120 6.098 5.950 5.236 4.823 4.459 3.982 3.591 3.549
0.00800 2.51e+07 0.9150189161    0.915 -0.070  3.7551  4.441    0  0.000  0.537     0.00     0.00 -1  6.72e-14      0.00 7.290e-01 2.630e-01 1.419e-03 3.876e-04 3.520e-03 -1.000 8.000e-03 4.944 5.771 5.698 5.036 4.648 4.304 3.860 3.498 3.461
0.00800 2.51e+07 0.9405404925    0.940  0.008  3.7690  4.431    0  0.000  0.537     0.00     0.00 -1  8.05e-14      0.00 7.290e-01 2.630e-01 1.419e-03 3.876e-04 3.520e-03 -1.000 8.000e-03 4.750 5.426 5.423 4.820 4.458 4.135 3.729 3.398 3.366
0.00800 2.51e+07 0.9409090877    0.940  0.009  3.7691  4.431    0  0.000  0.537     0.00     0.00 -1  8.06e-14      0.00 7.290e-01 2.630e-01 1.419e-03 3.876e-04 3.520e-03 -1.000 8.000e-03 4.748 5.423 5.420 4.818 4.457 4.134 3.728 3.397 3.365
0.00800 2.51e+07 0.9545130730    0.954  0.036  3.7744  4.432    0  0.000  0.537     0.00     0.00 -1  8.51e-14      0.00 7.290e-01 2.630e-01 1.419e-03 3.876e-04 3.520e-03 -1.000 8.000e-03 4.681 5.305 5.324 4.744 4.393 4.079 3.687 3.367 3.337
0.00800 2.51e+07 0.9886363149    0.989  0.076  3.7844  4.447    0  0.000  0.538     0.00     0.00 -1  9.07e-14      0.00 7.290e-01 2.630e-01 1.419e-03 3.875e-04 3.520e-03 -1.000 8.000e-03 4.580 5.116 5.172 4.632 4.300 4.000 3.634 3.334 3.308
0.00800 2.51e+07 1.0064986944    1.006  0.097  3.7901  4.456    0  0.000  0.538     0.00     0.00 -1  9.18e-14      0.00 7.290e-01 2.630e-01 1.419e-03 3.875e-04 3.520e-03 -1.000 8.000e-03 4.528 5.020 5.093 4.575 4.253 3.962 3.609 3.322 3.297
0.00800 2.51e+07 1.0297968388    1.030  0.109  3.7945  4.472    0  0.000  0.538     0.00     0.00 -1  8.93e-14      0.00 7.290e-01 2.630e-01 1.419e-03 3.875e-04 3.519e-03 -1.000 8.000e-03 4.497 4.956 5.043 4.541 4.226 3.942 3.600 3.321 3.298
0.00800 2.51e+07 1.0363636017    1.036  0.116  3.7956  4.472    0  0.000  0.538     0.00     0.00 -1  8.96e-14      0.00 7.290e-01 2.630e-01 1.419e-03 3.875e-04 3.519e-03 -1.000 8.000e-03 4.481 4.934 5.022 4.524 4.211 3.929 3.590 3.312 3.290
0.00800 2.51e+07 1.0660399199    1.065  0.141  3.7999  4.477    0  0.000  0.538     0.00     0.00 -1  8.88e-14      0.00 7.291e-01 2.629e-01 1.419e-03 3.875e-04 3.519e-03 -1.000 7.974e-03 4.419 4.845 4.942 4.459 4.154 3.878 3.549 3.281 3.259
0.00800 2.51e+07 1.0840909481    1.083  0.166  3.8029  4.470    0  0.000  0.538     0.00     0.00 -1  9.12e-14      0.00 7.291e-01 2.629e-01 1.419e-03 3.874e-04 3.519e-03 -1.000 7.974e-03 4.355 4.764 4.865 4.394 4.094 3.822 3.501 3.238 3.217
0.00800 2.51e+07 1.1132148504    1.113  0.201  3.8074  4.465    0  0.000  0.538     0.00     0.00 -1  9.31e-14      0.00 7.291e-01 2.629e-01 1.419e-03 3.874e-04 3.519e-03 -1.000 8.000e-03 4.268 4.650 4.758 4.303 4.011 3.747 3.436 3.182 3.163
0.00800 2.51e+07 1.1318181753    1.131  0.236  3.8110  4.452    0  0.000  0.538     0.00     0.00 -1  9.84e-14      0.00 7.291e-01 2.629e-01 1.419e-03 3.874e-04 3.519e-03 -1.000 7.997e-03 4.180 4.546 4.656 4.213 3.928 3.670 3.367 3.121 3.102
0.00800 2.51e+07 1.1795454025    1.179  0.321  3.8201  4.421    0  0.000  0.538     0.00     0.00 -1  1.11e-13      0.00 7.292e-01 2.628e-01 1.419e-03 3.874e-04 3.518e-03 -1.000 8.000e-03 3.968 4.293 4.407 3.995 3.727 3.483 3.202 2.973 2.957
0.00800 2.51e+07 1.2272726297    1.227  0.401  3.8293  4.395    0  0.000  0.538     0.00     0.00 -1  1.22e-13      0.00 7.292e-01 2.628e-01 1.419e-03 3.874e-04 3.518e-03 -1.000 8.000e-03 3.768 4.062 4.172 3.789 3.538 3.309 3.049 2.839 2.825
0.00800 2.51e+07 1.2749998569    1.275  0.483  3.8403  4.374    0  0.000  0.538     0.00     0.00 -1  1.34e-13      0.00 7.292e-01 2.628e-01 1.418e-03 3.873e-04 3.518e-03 -1.000 8.000e-03 3.562 3.824 3.927 3.576 3.346 3.136 2.901 2.713 2.700
0.00800 2.51e+07 1.3227273226    1.323  0.561  3.8534  4.364    0  0.000  0.538     0.00     0.00 -1  1.41e-13      0.00 7.292e-01 2.628e-01 1.418e-03 3.873e-04 3.518e-03 -1.000 8.000e-03 3.368 3.601 3.689 3.375 3.169 2.982 2.776 2.614 2.602
0.00800 2.51e+07 1.3263436556    1.326  0.566  3.8546  4.365    0  0.000  0.538     0.00     0.00 -1  1.41e-13      0.00 7.292e-01 2.628e-01 1.418e-03 3.873e-04 3.518e-03 -1.000 8.000e-03 3.354 3.585 3.672 3.360 3.157 2.972 2.768 2.608 2.597
0.00800 2.51e+07 1.3704545498    1.371  0.630  3.8664  4.362    0  0.000  0.538     0.00     0.00 -1  1.42e-13      0.00 7.292e-01 2.628e-01 1.419e-03 3.873e-04 3.518e-03 -1.000 7.999e-03 3.195 3.407 3.477 3.195 3.015 2.850 2.673 2.535 2.526
0.00800 2.51e+07 1.4181818962    1.419  0.696  3.8804  4.368    0  0.000  0.538     0.00     0.00 -1  1.38e-13      0.00 7.293e-01 2.627e-01 1.419e-03 3.873e-04 3.517e-03 -1.000 7.997e-03 3.031 3.228 3.275 3.027 2.873 2.735 2.587 2.475 2.467
0.00800 2.51e+07 1.4659091234    1.466  0.757  3.8947  4.378    0  0.000  0.538     0.00     0.00 -1  1.28e-13      0.00 7.293e-01 2.628e-01 1.418e-03 3.873e-04 3.517e-03 -1.000 7.968e-03 2.877 3.063 3.087 2.872 2.746 2.634 2.515 2.428 2.420
0.00800 2.51e+07 1.5136363506    1.514  0.817  3.9086  4.388    0  0.000  0.538     0.00     0.00 -1  1.14e-13      0.00 7.293e-01 2.628e-01 1.418e-03 3.872e-04 3.517e-03 -1.000 7.927e-03 2.728 2.904 2.908 2.726 2.627 2.540 2.448 2.382 2.376
0.00800 2.51e+07 1.5613635778    1.561  0.875  3.9217  4.396    0  0.000  0.538     0.00     0.00 -1   9.4e-14      0.00 7.293e-01 2.627e-01 1.418e-03 3.872e-04 3.517e-03 -1.000 8.000e-03 2.583 2.753 2.741 2.592 2.517 2.452 2.383 2.336 2.330
0.00800 2.51e+07 1.6090908051    1.609  0.930  3.9341  4.403    0  0.000  0.538     0.00     0.00 -1  6.74e-14      0.00 7.293e-01 2.627e-01 1.418e-03 3.872e-04 3.517e-03 -1.000 8.000e-03 2.444 2.609 2.589 2.472 2.418 2.372 2.323 2.291 2.285
0.00800 2.51e+07 1.6568181515    1.657  0.985  3.9460  4.409    0  0.000  0.538     0.00     0.00 -1         0      0.00 7.293e-01 2.627e-01 1.418e-03 3.871e-04 3.517e-03 -1.000 7.993e-03 2.309 2.471 2.454 2.364 2.328 2.296 2.266 2.245 2.241
0.00800 2.51e+07 1.7045452595    1.704  1.036  3.9572  4.414    0  0.000  0.538     0.00     0.00 -1         0      0.00 7.294e-01 2.626e-01 1.418e-03 3.872e-04 3.516e-03 -1.000 7.998e-03 2.181 2.341 2.335 2.268 2.246 2.227 2.212 2.200 2.198
0.00800 2.51e+07 1.7522726059    1.752  1.086  3.9678  4.419    0  0.000  0.538     0.00     0.00 -1         0      0.00 7.294e-01 2.626e-01 1.418e-03 3.872e-04 3.516e-03 -1.000 7.999e-03 2.056 2.216 2.228 2.180 2.169 2.161 2.160 2.155 2.155
0.00800 2.51e+07 1.7999999523    1.799  1.134  3.9779  4.423    0  0.000  0.538     0.00     0.00 -1         0      0.00 7.294e-01 2.626e-01 1.418e-03 3.871e-04 3.516e-03 -1.000 7.984e-03 1.936 2.098 2.129 2.098 2.096 2.097 2.109 2.110 2.112
0.00800 2.51e+07 1.8500000238    1.849  1.181  3.9878  4.427    0  0.000  0.538     0.00     0.00 -1         0      0.00 7.294e-01 2.626e-01 1.418e-03 3.871e-04 3.516e-03 -1.000 7.983e-03 1.816 1.983 2.035 2.020 2.024 2.034 2.058 2.064 2.068
0.00800 2.51e+07 1.8999999762    1.900  1.228  3.9972  4.430    0  0.000  0.538     0.00     0.00 -1         0      0.00 7.294e-01 2.626e-01 1.418e-03 3.871e-04 3.516e-03 -1.000 8.000e-03 1.701 1.872 1.948 1.947 1.957 1.973 2.007 2.018 2.025
0.00800 2.51e+07 1.9500000477    1.950  1.273  4.0062  4.432    0  0.000  0.537     0.00     0.00 -1         0      0.00 7.294e-01 2.626e-01 1.417e-03 3.871e-04 3.516e-03 -1.000 7.991e-03 1.587 1.763 1.864 1.876 1.891 1.912 1.957 1.972 1.980
0.00800 2.51e+07 2.0000000000    2.001  1.316  4.0147  4.434    1  0.000  0.538     0.00     0.00 -1         0      0.00 7.294e-01 2.626e-01 1.418e-03 3.871e-04 3.516e-03 -1.000 7.970e-03 1.479 1.660 1.786 1.808 1.827 1.853 1.907 1.926 1.936
0.00800 2.51e+07 2.0499999523    2.050  1.359  4.0230  4.435    1  0.000  0.538     0.00     0.00 -1         0      0.00 7.295e-01 2.626e-01 1.417e-03 3.870e-04 3.515e-03 -1.000 7.950e-03 1.373 1.561 1.712 1.743 1.766 1.796 1.859 1.880 1.894
0.00800 2.51e+07 2.0999999046    2.100  1.400  4.0306  4.435    0  0.000  0.537     0.00     0.00 -1         0      0.00 7.294e-01 2.626e-01 1.417e-03 3.870e-04 3.516e-03 -1.000 8.000e-03 1.270 1.464 1.639 1.679 1.704 1.738 1.809 1.833 1.848
0.00800 2.51e+07 2.1500000954    2.149  1.440  4.0382  4.435    0  0.000  0.538     0.00     0.00 -1         0      0.00 7.295e-01 2.625e-01 1.417e-03 3.870e-04 3.515e-03 -1.000 7.992e-03 1.170 1.373 1.571 1.618 1.646 1.683 1.762 1.788 1.806
0.00800 2.51e+07 2.2000000477    2.199  1.479  4.0453  4.435    1  0.000  0.538     0.00     0.00 -1         0      0.00 7.294e-01 2.626e-01 1.417e-03 3.870e-04 3.516e-03 -1.000 8.000e-03 1.073 1.283 1.504 1.558 1.588 1.629 1.715 1.743 1.762
0.00800 2.51e+07 2.2500000000    2.249  1.516  4.0522  4.434    1  0.000  0.538     0.00     0.00 -1         0      0.00 7.294e-01 2.626e-01 1.417e-03 3.870e-04 3.515e-03 -1.000 8.000e-03 0.979 1.198 1.440 1.500 1.532 1.575 1.668 1.698 1.719
0.00800 2.51e+07 2.2999999523    2.299  1.554  4.0589  4.433    1  0.000  0.538     0.00     0.00 -1         0      0.00 7.295e-01 2.625e-01 1.417e-03 3.870e-04 3.515e-03 -1.000 7.991e-03 0.885 1.114 1.376 1.442 1.476 1.522 1.622 1.654 1.676
0.00800 2.51e+07 2.3499999046    2.349  1.590  4.0656  4.433    1  0.000  0.538     0.00     0.00 -1         0      0.00 7.295e-01 2.625e-01 1.417e-03 3.870e-04 3.515e-03 -1.000 8.000e-03 0.794 1.034 1.316 1.387 1.423 1.471 1.577 1.611 1.635
0.00800 2.51e+07 2.4000000954    2.400  1.625  4.0716  4.432    1  0.000  0.537     0.00     0.00 -1         0      0.00 7.295e-01 2.625e-01 1.417e-03 3.870e-04 3.515e-03 -1.000 7.972e-03 0.708 0.957 1.258 1.333 1.370 1.420 1.532 1.568 1.593
0.00800 2.51e+07 2.5999999046    2.601  1.757  4.0944  4.425    1  0.000  0.538     0.00     0.00 -1         0      0.00 7.290e-01 2.630e-01 1.420e-03 3.876e-04 3.521e-03 -1.000 8.000e-03 0.377 0.669 1.037 1.127 1.169 1.228 1.360 1.401 1.432
0.00800 2.51e+07 2.7999999523    2.801  1.880  4.1149  4.417    1  0.000  0.538     0.00     0.00 -1         0      0.00 7.290e-01 2.630e-01 1.420e-03 3.876e-04 3.521e-03 -1.000 8.000e-03 0.070 0.408 0.834 0.934 0.982 1.047 1.197 1.243 1.278
0.00800 2.51e+07 3.0000000000    3.001  1.993  4.1329  4.406    1  0.000  0.538     0.00     0.00 -1         0      0.00 7.290e-01 2.630e-01 1.420e-03 3.876e-04 3.521e-03 -1.000 8.000e-03 -0.213 0.173 0.644 0.755 0.806 0.877 1.042 1.091 1.130
0.00800 2.51e+07 3.2000000477    3.200  2.099  4.1496  4.395    1  0.000  0.538     0.00     0.00 -1         0      0.00 7.290e-01 2.630e-01 1.420e-03 3.876e-04 3.521e-03 -1.000 8.000e-03 -0.477 -0.045 0.467 0.587 0.642 0.719 0.896 0.949 0.991
0.00800 2.51e+07 3.4000000954    3.399  2.199  4.1652  4.384    1  0.000  0.538     0.00     0.00 -1         0      0.00 7.290e-01 2.630e-01 1.420e-03 3.876e-04 3.521e-03 -1.000 8.000e-03 -0.726 -0.247 0.302 0.430 0.488 0.569 0.758 0.815 0.859
0.00800 2.51e+07 3.4194006920    3.419  2.208  4.1666  4.382    1  0.000  0.538     0.00     0.00 -1         0      0.00 7.290e-01 2.630e-01 1.420e-03 3.876e-04 3.521e-03 -1.000 8.000e-03 -0.750 -0.265 0.286 0.415 0.474 0.555 0.745 0.802 0.847
0.00800 2.51e+07 3.5999999046    3.599  2.292  4.1796  4.372    1  0.000  0.538     0.00     0.00 -1         0      0.00 7.290e-01 2.630e-01 1.420e-03 3.876e-04 3.521e-03 -1.000 8.000e-03 -0.961 -0.435 0.145 0.281 0.342 0.428 0.627 0.687 0.734
0.00800 2.51e+07 3.7999999523    3.799  2.382  4.1934  4.362    1  0.000  0.538     0.00     0.00 -1         0      0.00 7.290e-01 2.630e-01 1.420e-03 3.876e-04 3.521e-03 -1.000 8.000e-03 -1.184 -0.612 -0.003 0.140 0.205 0.294 0.503 0.566 0.615
0.00800 2.51e+07 4.0000000000    4.002  2.466  4.2061  4.351    1  0.000  0.538     0.00     0.00 -1         0      0.00 7.290e-01 2.630e-01 1.420e-03 3.876e-04 3.521e-03 -1.000 8.000e-03 -1.394 -0.778 -0.143 0.006 0.074 0.167 0.384 0.450 0.502
0.00800 2.51e+07 4.1207098961    4.121  2.515  4.2135  4.344    1  0.000  0.538     0.00     0.00 -1         0      0.00 7.290e-01 2.630e-01 1.420e-03 3.876e-04 3.521e-03 -1.000 8.000e-03 -1.517 -0.875 -0.225 -0.073 -0.003 0.093 0.315 0.382 0.435
0.00800 2.51e+07 4.1999998093    4.199  2.546  4.2182  4.340    1  0.000  0.538     0.00     0.00 -1         0      0.00 7.290e-01 2.630e-01 1.420e-03 3.876e-04 3.521e-03 -1.000 8.000e-03 -1.596 -0.937 -0.278 -0.123 -0.053 0.045 0.270 0.338 0.392
0.00800 2.51e+07 4.4000000954    4.398  2.623  4.2296  4.328    1  0.000  0.538     0.00     0.00 -1         0      0.00 7.290e-01 2.630e-01 1.420e-03 3.876e-04 3.521e-03 -1.000 8.000e-03 -1.788 -1.089 -0.408 -0.247 -0.174 -0.073 0.160 0.229 0.285
0.00800 2.51e+07 4.4213032722    4.420  2.631  4.2308  4.327    1  0.000  0.538     0.00     0.00 -1         0      0.00 7.290e-01 2.630e-01 1.420e-03 3.876e-04 3.521e-03 -1.000 8.000e-03 -1.808 -1.104 -0.422 -0.260 -0.187 -0.086 0.148 0.218 0.274
0.00800 2.51e+07 4.5999999046    4.599  2.697  4.2404  4.317    1  0.000  0.538     0.00     0.00 -1         0      0.00 7.290e-01 2.630e-01 1.420e-03 3.876e-04 3.521e-03 -1.000 8.000e-03 -1.973 -1.234 -0.534 -0.367 -0.291 -0.187 0.052 0.125 0.182
0.00800 2.51e+07 4.8000001907    4.799  2.768  4.2505  4.305    1  0.000  0.538     0.00     0.00 -1         0      0.00 7.290e-01 2.630e-01 1.420e-03 3.876e-04 3.521e-03 -1.000 8.000e-03 -2.150 -1.374 -0.655 -0.484 -0.405 -0.298 -0.052 0.023 0.082
0.00800 2.51e+07 4.9719390869    4.972  2.827  4.2588  4.295    1  0.000  0.538     0.00     0.00 -1         0      0.00 7.290e-01 2.630e-01 1.420e-03 3.876e-04 3.521e-03 -1.000 8.000e-03 -2.296 -1.490 -0.756 -0.581 -0.500 -0.391 -0.139 -0.063 -0.002
0.00800 2.51e+07 5.0000000000    5.000  2.836  4.2601  4.294    1  0.000  0.538     0.00     0.00 -1         0      0.00 7.290e-01 2.630e-01 1.420e-03 3.876e-04 3.521e-03 -1.000 8.000e-03 -2.320 -1.509 -0.773 -0.597 -0.516 -0.406 -0.154 -0.077 -0.016
0.00800 2.51e+07 5.1999998093    5.201  2.902  4.2692  4.281    1  0.000  0.538     0.00     0.00 -1         0      0.00 7.290e-01 2.630e-01 1.420e-03 3.876e-04 3.521e-03 -1.000 8.000e-03 -2.485 -1.641 -0.888 -0.707 -0.625 -0.511 -0.254 -0.175 -0.113
0.00800 2.51e+07 5.3999996185    5.402  2.966  4.2779  4.268    1  0.000  0.538     0.00     0.00 -1         0      0.00 7.290e-01 2.630e-01 1.420e-03 3.876e-04 3.521e-03 -1.000 8.000e-03 -2.644 -1.769 -1.001 -0.816 -0.731 -0.615 -0.352 -0.272 -0.207
0.00800 2.51e+07 5.4195666313    5.421  2.972  4.2787  4.267    1  0.000  0.538     0.00     0.00 -1         0      0.00 7.290e-01 2.630e-01 1.420e-03 3.876e-04 3.521e-03 -1.000 8.000e-03 -2.659 -1.781 -1.011 -0.826 -0.741 -0.625 -0.361 -0.281 -0.217
0.00800 2.51e+07 5.5999999046    5.602  3.028  4.2861  4.255    1  0.000  0.538     0.00     0.00 -1         0      0.00 7.290e-01 2.630e-01 1.420e-03 3.876e-04 3.521e-03 -1.000 8.000e-03 -2.799 -1.894 -1.111 -0.922 -0.835 -0.717 -0.449 -0.368 -0.301
0.00800 2.51e+07 5.8000001907    5.802  3.088  4.2938  4.241    1  0.000  0.538     0.00     0.00 -1         0      0.00 7.290e-01 2.630e-01 1.420e-03 3.876e-04 3.521e-03 -1.000 8.000e-03 -2.951 -2.018 -1.221 -1.029 -0.940 -0.819 -0.546 -0.464 -0.396
0.00800 2.51e+07 5.8221149445    5.824  3.095  4.2946  4.239    1  0.000  0.538     0.00     0.00 -1         0      0.00 7.290e-01 2.630e-01 1.420e-03 3.876e-04 3.521e-03 -1.000 8.000e-03 -2.967 -2.031 -1.233 -1.040 -0.951 -0.831 -0.557 -0.474 -0.407
0.00800 2.51e+07 6.0000000000    6.002  3.147  4.3011  4.225    1  0.000  0.538     0.00     0.00 -1         0      0.00 7.290e-01 2.630e-01 1.420e-03 3.876e-04 3.521e-03 -1.000 8.000e-03 -3.098 -2.140 -1.330 -1.134 -1.044 -0.921 -0.644 -0.559 -0.491
0.00800 2.51e+07 6.1999998093    6.201  3.205  4.3078  4.209    1  0.000  0.538     0.00     0.00 -1         0      0.00 7.290e-01 2.630e-01 1.420e-03 3.876e-04 3.521e-03 -1.000 8.000e-03 -3.243 -2.260 -1.439 -1.239 -1.147 -1.022 -0.740 -0.655 -0.585
0.00800 2.51e+07 6.2718296051    6.273  3.225  4.3102  4.203    1  0.000  0.538     0.00     0.00 -1         0      0.00 7.290e-01 2.630e-01 1.420e-03 3.876e-04 3.521e-03 -1.000 8.000e-03 -3.293 -2.303 -1.477 -1.276 -1.184 -1.058 -0.775 -0.689 -0.618
0.00800 2.51e+07 6.4000000954    6.400  3.261  4.3143  4.192    1  0.000  0.538     0.00     0.00 -1         0      0.00 7.290e-01 2.630e-01 1.420e-03 3.876e-04 3.521e-03 -1.000 8.000e-03 -3.383 -2.378 -1.545 -1.342 -1.249 -1.123 -0.836 -0.749 -0.678
0.00800 2.51e+07 6.4108738899    6.411  3.264  4.3147  4.191    1  0.000  0.538     0.00     0.00 -1         0      0.00 7.290e-01 2.630e-01 1.420e-03 3.876e-04 3.521e-03 -1.000 8.000e-03 -3.391 -2.384 -1.551 -1.348 -1.255 -1.128 -0.842 -0.755 -0.683
0.00800 2.51e+07 6.6668329239    6.666  3.334  4.3223  4.169    1  0.000  0.538     0.00     0.00 -1         0      0.00 7.290e-01 2.630e-01 1.420e-03 3.876e-04 3.521e-03 -1.000 8.000e-03 -3.566 -2.533 -1.687 -1.480 -1.385 -1.256 -0.965 -0.876 -0.803
0.00800 2.51e+07 6.9012970924    6.899  3.398  4.3287  4.146    1  0.000  0.538     0.00     0.00 -1         0      0.00 7.290e-01 2.630e-01 1.420e-03 3.876e-04 3.521e-03 -1.000 8.000e-03 -3.724 -2.670 -1.812 -1.602 -1.505 -1.374 -1.079 -0.989 -0.915
0.00800 2.51e+07 7.0000000000    6.998  3.424  4.3312  4.135    1  0.000  0.538     0.00     0.00 -1         0      0.00 7.290e-01 2.630e-01 1.420e-03 3.876e-04 3.521e-03 -1.000 8.000e-03 -3.791 -2.728 -1.866 -1.655 -1.557 -1.426 -1.129 -1.039 -0.964
0.00800 2.51e+07 7.0956773758    7.094  3.449  4.3334  4.125    1  0.000  0.538     0.00     0.00 -1         0      0.00 7.290e-01 2.630e-01 1.420e-03 3.876e-04 3.521e-03 -1.000 8.000e-03 -3.853 -2.783 -1.917 -1.704 -1.607 -1.475 -1.176 -1.085 -1.010
0.00800 2.51e+07 7.3059296608    7.305  3.504  4.3380  4.101    1  0.000  0.538     0.00     0.00 -1         0      0.00 7.290e-01 2.630e-01 1.420e-03 3.876e-04 3.521e-03 -1.000 8.000e-03 -3.991 -2.906 -2.031 -1.816 -1.718 -1.584 -1.283 -1.191 -1.115
0.00800 2.51e+07 7.5008339882    7.501  3.555  4.3418  4.077    1  0.000  0.538     0.00     0.00 -1         0      0.00 7.290e-01 2.630e-01 1.420e-03 3.876e-04 3.521e-03 -1.000 8.000e-03 -4.117 -3.020 -2.139 -1.922 -1.823 -1.688 -1.385 -1.291 -1.215
0.00800 2.51e+07 7.6823325157    7.684  3.602  4.3449  4.053    1  0.000  0.538     0.00     0.00 -1         0      0.00 7.290e-01 2.630e-01 1.420e-03 3.876e-04 3.521e-03 -1.000 8.000e-03 -4.234 -3.128 -2.241 -2.023 -1.922 -1.787 -1.481 -1.388 -1.310
0.00800 2.51e+07 7.8511977196    7.854  3.645  4.3474  4.029    1  0.000  0.538     0.00     0.00 -1         0      0.00 7.290e-01 2.630e-01 1.420e-03 3.876e-04 3.521e-03 -1.000 8.000e-03 -4.343 -3.230 -2.338 -2.119 -2.018 -1.882 -1.575 -1.480 -1.402
0.00800 2.51e+07 8.0000000000    8.003  3.684  4.3489  4.005    1  0.000  0.538     0.00     0.00 -1         0      0.00 7.290e-01 2.630e-01 1.420e-03 3.876e-04 3.521e-03 -1.000 8.000e-03 -4.441 -3.323 -2.428 -2.208 -2.107 -1.970 -1.662 -1.567 -1.489
0.00800 2.51e+07 8.0672292709    8.070  3.701  4.3496  3.994    1  0.000  0.538     0.00     0.00 -1         0      0.00 7.290e-01 2.630e-01 1.420e-03 3.876e-04 3.521e-03 -1.000 8.000e-03 -4.483 -3.365 -2.468 -2.247 -2.146 -2.009 -1.701 -1.606 -1.527
0.00800 2.51e+07 8.2890300751    8.290  3.758  4.3509  3.954    1  0.000  0.538     0.00     0.00 -1         0      0.00 7.290e-01 2.630e-01 1.420e-03 3.876e-04 3.521e-03 -1.000 8.000e-03 -4.624 -3.505 -2.605 -2.383 -2.282 -2.144 -1.835 -1.740 -1.660
0.00800 2.51e+07 8.4912586212    8.491  3.809  4.3512  3.915    1  0.000  0.538     0.00     0.00 -1         0      0.00 7.290e-01 2.630e-01 1.420e-03 3.876e-04 3.521e-03 -1.000 8.000e-03 -4.753 -3.638 -2.734 -2.512 -2.410 -2.273 -1.963 -1.868 -1.789
0.00800 2.51e+07 8.6758794785    8.674  3.857  4.3502  3.872    1  0.000  0.538     0.00     0.00 -1         0      0.00 7.290e-01 2.630e-01 1.420e-03 3.876e-04 3.521e-03 -1.000 8.000e-03 -4.873 -3.766 -2.861 -2.640 -2.539 -2.402 -2.092 -1.997 -1.918
0.00800 2.51e+07 8.8443593979    8.842  3.902  4.3481  3.827    1  0.000  0.538     0.00     0.00 -1         0      0.00 7.290e-01 2.630e-01 1.420e-03 3.876e-04 3.521e-03 -1.000 8.000e-03 -4.984 -3.890 -2.986 -2.765 -2.665 -2.529 -2.220 -2.125 -2.046
0.00800 2.51e+07 9.0000000000    8.997  3.943  4.3451  3.781    1  0.000  0.538     0.00     0.00 -1         0      0.00 7.290e-01 2.630e-01 1.420e-03 3.876e-04 3.521e-03 -1.000 8.000e-03 -5.088 -4.010 -3.108 -2.887 -2.788 -2.653 -2.345 -2.251 -2.173
0.00800 2.51e+07 9.0178737640    9.015  3.948  4.3448  3.776    1  0.000  0.538     0.00     0.00 -1         0      0.00 7.290e-01 2.630e-01 1.420e-03 3.876e-04 3.521e-03 -1.000 8.000e-03 -5.099 -4.023 -3.121 -2.901 -2.802 -2.666 -2.359 -2.265 -2.187
0.00800 2.51e+07 9.1931829453    9.191  3.994  4.3394  3.717    1  0.000  0.538     0.00     0.00 -1         0      0.00 7.290e-01 2.630e-01 1.420e-03 3.876e-04 3.521e-03 -1.000 8.000e-03 -5.216 -4.165 -3.269 -3.050 -2.952 -2.818 -2.514 -2.421 -2.344
0.00800 2.51e+07 9.3534574509    9.351  4.038  4.3325  3.653    1  0.000  0.538     0.00     0.00 -1         0      0.00 7.290e-01 2.630e-01 1.420e-03 3.876e-04 3.521e-03 -1.000 8.000e-03 -5.324 -4.304 -3.416 -3.200 -3.104 -2.972 -2.672 -2.580 -2.504
0.00800 2.51e+07 9.4957218170    9.494  4.077  4.3250  3.590    1  0.000  0.538     0.00     0.00 -1         0      0.00 7.290e-01 2.630e-01 1.420e-03 3.876e-04 3.521e-03 -1.000 8.000e-03 -5.422 -4.435 -3.556 -3.342 -3.248 -3.118 -2.823 -2.733 -2.658
0.00800 2.51e+07 9.6118345261    9.611  4.111  4.3173  3.531    1  0.000  0.538     0.00     0.00 -1         0      0.00 7.290e-01 2.630e-01 1.420e-03 3.876e-04 3.521e-03 -1.000 8.000e-03 -5.507 -4.552 -3.684 -3.472 -3.380 -3.253 -2.961 -2.873 -2.799
0.00800 2.51e+07 9.7326116562    9.732  4.149  4.3108  3.473    1  0.000  0.538     0.00     0.00 -1         0      0.00 7.290e-01 2.630e-01 1.420e-03 3.876e-04 3.521e-03 -1.000 8.000e-03 -5.602 -4.676 -3.815 -3.605 -3.515 -3.390 -3.102 -3.015 -2.943
0.00800 2.51e+07 9.7635593414    9.763  4.158  4.3093  3.458    1  0.000  0.538     0.00     0.00 -1         0      0.00 7.290e-01 2.630e-01 1.420e-03 3.876e-04 3.521e-03 -1.000 8.000e-03 -5.626 -4.708 -3.848 -3.639 -3.549 -3.424 -3.137 -3.051 -2.978
0.00800 2.51e+07 9.8142633438    9.814  4.181  4.3197  3.480    1  0.000  0.538     0.00     0.00 -1         0      0.00 7.290e-01 2.630e-01 1.420e-03 3.876e-04 3.521e-03 -1.000 8.000e-03 -5.682 -4.725 -3.849 -3.636 -3.544 -3.416 -3.122 -3.034 -2.959
0.00800 2.51e+07 9.8321123123    9.832  4.194  4.3306  3.511    1  0.000  0.538     0.00     0.00 -1         0      0.00 7.290e-01 2.630e-01 1.420e-03 3.876e-04 3.521e-03 -1.000 8.000e-03 -5.715 -4.716 -3.824 -3.607 -3.512 -3.380 -3.081 -2.989 -2.913
0.00800 2.51e+07 9.8384218216    9.838  4.208  4.3434  3.548    1  0.000  0.538     0.00     0.00 -1         0      0.00 7.290e-01 2.630e-01 1.420e-03 3.876e-04 3.521e-03 -1.000 8.000e-03 -5.751 -4.704 -3.792 -3.571 -3.473 -3.338 -3.030 -2.936 -2.857
0.00800 2.51e+07 9.8409967422    9.841  4.224  4.3541  3.575    1  0.000  0.538     0.00     0.00 -1         0      0.00 7.290e-01 2.630e-01 1.420e-03 3.876e-04 3.521e-03 -1.000 8.000e-03 -5.790 -4.704 -3.776 -3.551 -3.450 -3.313 -2.999 -2.902 -2.821
0.00800 2.51e+07 9.8423099518    9.842  4.237  4.3622  3.595    1  0.000  0.538     0.00     0.00 -1         0      0.00 7.290e-01 2.630e-01 1.420e-03 3.876e-04 3.521e-03 -1.000 8.000e-03 -5.823 -4.708 -3.767 -3.539 -3.437 -3.297 -2.979 -2.880 -2.798
0.00800 2.51e+07 9.8425397873    9.842  4.240  4.3637  3.598    1  0.000  0.538     0.00     0.00 -1         0      0.00 7.290e-01 2.630e-01 1.420e-03 3.876e-04 3.521e-03 -1.000 8.000e-03 -5.830 -4.708 -3.765 -3.537 -3.435 -3.295 -2.975 -2.876 -2.794
0.00800 2.51e+07 9.8431787491    9.843  4.222  4.3574  3.590    2  0.000  0.538     0.00     0.00 -1         0      0.00 7.290e-01 2.630e-01 1.420e-03 3.876e-04 3.521e-03 -1.000 8.000e-03 -5.786 -4.687 -3.754 -3.528 -3.427 -3.289 -2.973 -2.875 -2.794
0.00800 2.51e+07 9.8437871933    9.844  4.202  4.3456  3.564    2  0.000  0.538     0.00     0.00 -1         0      0.00 7.290e-01 2.630e-01 1.420e-03 3.876e-04 3.521e-03 -1.000 8.000e-03 -5.735 -4.680 -3.765 -3.543 -3.444 -3.309 -3.000 -2.905 -2.826
0.00800 2.51e+07 9.8443679810    9.844  4.193  4.3298  3.509    2  0.000  0.538     0.00     0.00 -1         0      0.00 7.290e-01 2.630e-01 1.420e-03 3.876e-04 3.521e-03 -1.000 8.000e-03 -5.713 -4.717 -3.826 -3.609 -3.514 -3.383 -3.084 -2.993 -2.916
0.00800 2.51e+07 9.8447704315    9.844  4.194  4.3176  3.460    2  0.000  0.538     0.00     0.00 -1         0      0.00 7.290e-01 2.630e-01 1.420e-03 3.876e-04 3.521e-03 -1.000 8.000e-03 -5.715 -4.768 -3.893 -3.682 -3.590 -3.462 -3.170 -3.082 -3.008
0.00800 2.51e+07 9.8451490402    9.845  4.199  4.3054  3.406    2  0.000  0.538     0.00     0.00 -1         0      0.00 7.290e-01 2.630e-01 1.420e-03 3.876e-04 3.521e-03 -1.000 8.000e-03 -5.728 -4.830 -3.972 -3.765 -3.677 -3.553 -3.268 -3.182 -3.111
0.00800 2.51e+07 9.8455114365    9.845  4.206  4.2932  3.350    2  0.000  0.538     0.00     0.00 -1         0      0.00 7.290e-01 2.630e-01 1.420e-03 3.876e-04 3.521e-03 -1.000 8.000e-03 -5.745 -4.896 -4.054 -3.852 -3.767 -3.648 -3.370 -3.287 -3.217
0.00800 2.51e+07 9.8458595276    9.846  4.212  4.2811  3.295    2  0.000  0.538     0.00     0.00 -1         0      0.00 7.290e-01 2.630e-01 1.420e-03 3.876e-04 3.521e-03 -1.000 8.000e-03 -5.761 -4.960 -4.136 -3.939 -3.857 -3.742 -3.471 -3.391 -3.324
0.00800 2.51e+07 9.8461961746    9.846  4.219  4.2690  3.241    2  0.000  0.538     0.00     0.00 -1         0      0.00 7.290e-01 2.630e-01 1.420e-03 3.876e-04 3.521e-03 -1.000 8.000e-03 -5.776 -5.023 -4.217 -4.025 -3.946 -3.835 -3.571 -3.494 -3.428
0.00800 2.51e+07 9.8465213776    9.846  4.224  4.2569  3.187    2  0.000  0.538     0.00     0.00 -1         0      0.00 7.290e-01 2.630e-01 1.420e-03 3.876e-04 3.521e-03 -1.000 8.000e-03 -5.789 -5.083 -4.295 -4.108 -4.032 -3.926 -3.669 -3.595 -3.532
0.00800 2.51e+07 9.8468341827    9.847  4.228  4.2448  3.135    2  0.000  0.538     0.00     0.00 -1         0      0.00 7.290e-01 2.630e-01 1.420e-03 3.876e-04 3.521e-03 -1.000 8.000e-03 -5.800 -5.139 -4.371 -4.189 -4.117 -4.014 -3.766 -3.694 -3.633
0.00800 2.51e+07 9.8471355438    9.847  4.231  4.2327  3.083    2  0.000  0.538     0.00     0.00 -1         0      0.00 7.290e-01 2.630e-01 1.420e-03 3.876e-04 3.521e-03 -1.000 8.000e-03 -5.809 -5.194 -4.445 -4.268 -4.199 -4.101 -3.860 -3.791 -3.732
0.00800 2.51e+07 9.8474245071    9.847  4.234  4.2206  3.032    2  0.000  0.538     0.00     0.00 -1         0      0.00 7.290e-01 2.630e-01 1.420e-03 3.876e-04 3.521e-03 -1.000 8.000e-03 -5.815 -5.247 -4.517 -4.345 -4.279 -4.186 -3.953 -3.887 -3.829
0.00800 2.51e+07 9.8477020264    9.847  4.236  4.2085  2.981    2  0.000  0.538     0.00     0.00 -1         0      0.00 7.290e-01 2.630e-01 1.420e-03 3.876e-04 3.521e-03 -1.000 8.000e-03 -5.821 -5.297 -4.587 -4.420 -4.358 -4.270 -4.044 -3.981 -3.926
0.00800 2.51e+07 9.8479690552    9.848  4.238  4.1964  2.931    2  0.000  0.538     0.00     0.00 -1         0      0.00 7.290e-01 2.630e-01 1.420e-03 3.876e-04 3.521e-03 -1.000 8.000e-03 -5.824 -5.346 -4.654 -4.494 -4.436 -4.352 -4.134 -4.075 -4.021
0.00800 2.51e+07 9.8482856750    9.848  4.239  4.1813  2.870    2  0.000  0.538     0.00     0.00 -1         0      0.00 7.290e-01 2.630e-01 1.420e-03 3.876e-04 3.521e-03 -1.000 8.000e-03 -5.827 -5.405 -4.737 -4.585 -4.532 -4.453 -4.246 -4.190 -4.139
0.00800 2.51e+07 9.8485260010    9.848  4.239  4.1692  2.821    2  0.000  0.538     0.00     0.00 -1         0      0.00 7.290e-01 2.630e-01 1.420e-03 3.876e-04 3.521e-03 -1.000 8.000e-03 -5.828 -5.449 -4.802 -4.656 -4.607 -4.532 -4.333 -4.280 -4.232
0.00800 2.51e+07 9.8487558365    9.849  4.239  4.1570  2.772    2  0.000  0.538     0.00     0.00 -1         0      0.00 7.290e-01 2.630e-01 1.420e-03 3.876e-04 3.521e-03 -1.000 8.000e-03 -5.829 -5.492 -4.865 -4.725 -4.680 -4.610 -4.420 -4.370 -4.324
0.00800 2.51e+07 9.8490285873    9.849  4.239  4.1419  2.712    2  0.000  0.538     0.00     0.00 -1         0      0.00 7.290e-01 2.630e-01 1.420e-03 3.876e-04 3.521e-03 -1.000 8.000e-03 -5.828 -5.542 -4.943 -4.810 -4.770 -4.706 -4.526 -4.480 -4.437
0.00800 2.51e+07 9.8492345810    9.849  4.238  4.1298  2.664    2  0.000  0.538     0.00     0.00 -1         0      0.00 7.290e-01 2.630e-01 1.420e-03 3.876e-04 3.521e-03 -1.000 8.000e-03 -5.826 -5.579 -5.003 -4.877 -4.840 -4.781 -4.610 -4.568 -4.525
0.00800 2.51e+07 9.8494310379    9.849  4.237  4.1177  2.617    2  0.000  0.538     0.00     0.00 -1         0      0.00 7.290e-01 2.630e-01 1.420e-03 3.876e-04 3.521e-03 -1.000 8.000e-03 -5.823 -5.615 -5.063 -4.943 -4.909 -4.855 -4.694 -4.655 -4.615
0.00800 2.51e+07 9.8496637344    9.850  4.236  4.1026  2.558    2  0.000  0.538     0.00     0.00 -1         0      0.00 7.290e-01 2.630e-01 1.420e-03 3.876e-04 3.521e-03 -1.000 8.000e-03 -5.820 -5.656 -5.136 -5.022 -4.994 -4.946 -4.797 -4.761 -4.724
0.00800 2.51e+07 9.8498382568    9.850  4.234  4.0905  2.511    2  0.000  0.538     0.00     0.00 -1         0      0.00 7.290e-01 2.630e-01 1.420e-03 3.876e-04 3.521e-03 -1.000 8.000e-03 -5.816 -5.686 -5.192 -5.085 -5.060 -5.017 -4.877 -4.845 -4.810
0.00800 2.51e+07 9.8500061035    9.850  4.233  4.0784  2.464    2  0.000  0.538     0.00     0.00 -1         0      0.00 7.290e-01 2.630e-01 1.420e-03 3.876e-04 3.521e-03 -1.000 8.000e-03 -5.811 -5.710 -5.247 -5.145 -5.124 -5.086 -4.956 -4.928 -4.895
0.00800 2.51e+07 9.8501653671    9.850  4.231  4.0662  2.418    2  0.000  0.538     0.00     0.00 -1         0      0.00 7.290e-01 2.630e-01 1.420e-03 3.876e-04 3.521e-03 -1.000 8.000e-03 -5.806 -5.733 -5.297 -5.204 -5.186 -5.154 -5.035 -5.010 -4.980
0.00800 2.51e+07 9.8503160477    9.850  4.228  4.0541  2.371    2  0.000  0.538     0.00     0.00 -1         0      0.00 7.290e-01 2.630e-01 1.420e-03 3.876e-04 3.521e-03 -1.000 8.000e-03 -5.801 -5.754 -5.346 -5.260 -5.247 -5.221 -5.112 -5.091 -5.063
0.00800 2.51e+07 9.8504600525    9.850  4.226  4.0419  2.325    2  0.000  0.538     0.00     0.00 -1         0      0.00 7.290e-01 2.630e-01 1.420e-03 3.876e-04 3.521e-03 -1.000 8.000e-03 -5.795 -5.770 -5.394 -5.315 -5.306 -5.285 -5.188 -5.171 -5.145
0.00800 2.51e+07 9.8505964279    9.850  4.224  4.0298  2.279    2  0.000  0.538     0.00     0.00 -1         0      0.00 7.290e-01 2.630e-01 1.420e-03 3.876e-04 3.521e-03 -1.000 8.000e-03 -5.789 -5.782 -5.441 -5.368 -5.363 -5.347 -5.263 -5.249 -5.225
0.00800 2.51e+07 9.8507261276    9.850  4.221  4.0177  2.233    2  0.000  0.538     0.00     0.00 -1         0      0.00 7.290e-01 2.630e-01 1.420e-03 3.876e-04 3.521e-03 -1.000 8.000e-03 -5.782 -5.790 -5.486 -5.419 -5.418 -5.408 -5.335 -5.327 -5.305
0.00800 2.51e+07 9.8508501053    9.851  4.218  4.0055  2.188    2  0.000  0.538     0.00     0.00 -1         0      0.00 7.290e-01 2.630e-01 1.420e-03 3.876e-04 3.521e-03 -1.000 8.000e-03 -5.775 -5.794 -5.528 -5.469 -5.471 -5.466 -5.408 -5.403 -5.384
0.00800 2.51e+07 9.8509674072    9.851  4.215  3.9934  2.142    2  0.000  0.538     0.00     0.00 -1         0      0.00 7.290e-01 2.630e-01 1.420e-03 3.876e-04 3.521e-03 -1.000 8.000e-03 -5.767 -5.794 -5.570 -5.517 -5.522 -5.523 -5.479 -5.479 -5.462
0.00800 2.51e+07 9.8511056900    9.851  4.211  3.9783  2.086    2  0.000  0.538     0.00     0.00 -1         0      0.00 7.290e-01 2.630e-01 1.420e-03 3.876e-04 3.521e-03 -1.000 8.000e-03 -5.758 -5.790 -5.619 -5.574 -5.583 -5.592 -5.567 -5.573 -5.559
0.00800 2.51e+07 9.8512115479    9.851  4.208  3.9662  2.040    2  0.000  0.538     0.00     0.00 -1         0      0.00 7.290e-01 2.630e-01 1.420e-03 3.876e-04 3.521e-03 -1.000 8.000e-03 -5.750 -5.782 -5.656 -5.617 -5.629 -5.644 -5.636 -5.647 -5.637
0.00800 2.51e+07 9.8513107300    9.851  4.204  3.9541  1.996    2  0.000  0.538     0.00     0.00 -1         0      0.00 7.290e-01 2.630e-01 1.420e-03 3.876e-04 3.521e-03 -1.000 8.000e-03 -5.741 -5.769 -5.689 -5.658 -5.673 -5.695 -5.705 -5.721 -5.714
0.00800 2.51e+07 9.8514299393    9.851  4.200  3.9391  1.940    2  0.000  0.538     0.00     0.00 -1         0      0.00 7.290e-01 2.630e-01 1.420e-03 3.876e-04 3.521e-03 -1.000 8.000e-03 -5.730 -5.744 -5.718 -5.701 -5.723 -5.755 -5.788 -5.812 -5.811
0.00800 2.51e+07 9.8515214920    9.851  4.197  3.9270  1.895    2  0.000  0.538     0.00     0.00 -1         0      0.00 7.290e-01 2.630e-01 1.420e-03 3.876e-04 3.521e-03 -1.000 8.000e-03 -5.721 -5.716 -5.735 -5.731 -5.760 -5.801 -5.855 -5.886 -5.889
0.00800 2.51e+07 9.8516082764    9.851  4.193  3.9149  1.850    2  0.000  0.538     0.00     0.00 -1         0      0.00 7.290e-01 2.630e-01 1.420e-03 3.876e-04 3.521e-03 -1.000 8.000e-03 -5.712 -5.679 -5.742 -5.755 -5.793 -5.846 -5.920 -5.960 -5.966
0.00800 2.51e+07 9.8516912460    9.851  4.189  3.9028  1.806    2  0.000  0.538     0.00     0.00 -1         0      0.00 7.290e-01 2.630e-01 1.420e-03 3.876e-04 3.521e-03 -1.000 8.000e-03 -5.702 -5.634 -5.738 -5.771 -5.822 -5.887 -5.984 -6.035 -6.045
0.00800 2.51e+07 9.8517704010    9.852  4.185  3.8906  1.761    2  0.000  0.538     0.00     0.00 -1         0      0.00 7.290e-01 2.630e-01 1.420e-03 3.876e-04 3.521e-03 -1.000 8.000e-03 -5.692 -5.579 -5.720 -5.778 -5.846 -5.926 -6.048 -6.111 -6.124
0.00800 2.51e+07 9.8518629074    9.852  4.180  3.8755  1.706    2  0.000  0.538     0.00     0.00 -1         0      0.00 7.290e-01 2.630e-01 1.420e-03 3.876e-04 3.521e-03 -1.000 8.000e-03 -5.680 -5.505 -5.680 -5.777 -5.869 -5.972 -6.124 -6.206 -6.224
0.00800 2.51e+07 9.8519334793    9.852  4.176  3.8634  1.662    2  0.000  0.538     0.00     0.00 -1         0      0.00 7.290e-01 2.630e-01 1.420e-03 3.876e-04 3.521e-03 -1.000 8.000e-03 -5.669 -5.440 -5.636 -5.770 -5.883 -6.006 -6.184 -6.284 -6.305
0.00800 2.51e+07 9.8520002365    9.852  4.171  3.8512  1.617    2  0.000  0.538     0.00     0.00 -1         0      0.00 7.290e-01 2.630e-01 1.420e-03 3.876e-04 3.521e-03 -1.000 8.000e-03 -5.658 -5.370 -5.579 -5.756 -5.896 -6.041 -6.245 -6.363 -6.387
0.00800 2.51e+07 9.8520641327    9.852  4.166  3.8392  1.574    2  0.000  0.538     0.00     0.00 -1         0      0.00 7.290e-01 2.630e-01 1.420e-03 3.876e-04 3.521e-03 -1.000 8.000e-03 -5.646 -5.295 -5.511 -5.740 -5.907 -6.073 -6.304 -6.443 -6.470
0.00800 2.51e+07 9.8521242142    9.852  4.162  3.8271  1.530    2  0.000  0.538     0.00     0.00 -1         0      0.00 7.290e-01 2.630e-01 1.420e-03 3.876e-04 3.521e-03 -1.000 8.000e-03 -5.634 -5.214 -5.435 -5.719 -5.915 -6.104 -6.361 -6.523 -6.552
0.00800 2.51e+07 9.8521823883    9.852  4.156  3.8149  1.487    2  0.000  0.538     0.00     0.00 -1         0      0.00 7.290e-01 2.630e-01 1.420e-03 3.876e-04 3.521e-03 -1.000 8.000e-03 -5.621 -5.128 -5.353 -5.694 -5.919 -6.131 -6.416 -6.602 -6.634
0.00800 2.51e+07 9.8522367477    9.852  4.151  3.8031  1.445    2  0.000  0.538     0.00     0.00 -1         0      0.00 7.290e-01 2.630e-01 1.420e-03 3.876e-04 3.521e-03 -1.000 8.000e-03 -5.608 -5.037 -5.270 -5.665 -5.918 -6.154 -6.468 -6.678 -6.713
0.00800 2.51e+07 9.8522901535    9.852  4.145  3.7908  1.401    2  0.000  0.538     0.00     0.00 -1         0      0.00 7.290e-01 2.630e-01 1.420e-03 3.876e-04 3.521e-03 -1.000 8.000e-03 -5.594 -4.934 -5.179 -5.630 -5.913 -6.174 -6.517 -6.755 -6.792
0.00800 2.51e+07 9.8523397446    9.852  4.139  3.7788  1.359    2  0.000  0.538     0.00     0.00 -1         0      0.00 7.290e-01 2.630e-01 1.420e-03 3.876e-04 3.521e-03 -1.000 8.000e-03 -5.579 -4.819 -5.082 -5.593 -5.905 -6.189 -6.563 -6.829 -6.869
0.00800 2.51e+07 9.8523883820    9.852  4.133  3.7666  1.317    2  0.000  0.538     0.00     0.00 -1         0      0.00 7.290e-01 2.630e-01 1.420e-03 3.876e-04 3.521e-03 -1.000 8.000e-03 -5.563 -4.684 -4.976 -5.550 -5.892 -6.200 -6.607 -6.902 -6.945
0.00800 2.51e+07 9.8524351120    9.852  4.126  3.7546  1.276    2  0.000  0.538     0.00     0.00 -1         0      0.00 7.290e-01 2.630e-01 1.420e-03 3.876e-04 3.521e-03 -1.000 8.000e-03 -5.545 -4.530 -4.863 -5.504 -5.875 -6.206 -6.646 -6.971 -7.017
0.00800 2.51e+07 9.8524789810    9.852  4.119  3.7426  1.235    2  0.000  0.538     0.00     0.00 -1         0      0.00 7.290e-01 2.630e-01 1.420e-03 3.876e-04 3.521e-03 -1.000 8.000e-03 -5.527 -4.357 -4.742 -5.454 -5.855 -6.209 -6.683 -7.038 -7.088
0.00800 2.51e+07 9.8525218964    9.852  4.111  3.7306  1.195    2  0.000  0.538     0.00     0.00 -1         0      0.00 7.290e-01 2.630e-01 1.420e-03 3.876e-04 3.521e-03 -1.000 8.000e-03 -5.507 -4.160 -4.612 -5.398 -5.829 -6.206 -6.716 -7.103 -7.155
0.00800 2.51e+07 9.8525629044    9.852  4.102  3.7187  1.156    2  0.000  0.538     0.00     0.00 -1         0      0.00 7.290e-01 2.630e-01 1.420e-03 3.876e-04 3.521e-03 -1.000 8.000e-03 -5.486 -3.943 -4.476 -5.336 -5.797 -6.197 -6.743 -7.162 -7.217
0.00800 2.51e+07 9.8526029587    9.852  4.093  3.7071  1.119    2  0.000  0.538     0.00     0.00 -1         0      0.00 7.290e-01 2.630e-01 1.420e-03 3.876e-04 3.521e-03 -1.000 8.000e-03 -5.463 -3.711 -4.336 -5.269 -5.759 -6.180 -6.765 -7.217 -7.274
0.00800 2.51e+07 9.8526430130    9.852  4.082  3.6956  1.084    2  0.000  0.538     0.00     0.00 -1         0      0.00 7.290e-01 2.630e-01 1.420e-03 3.876e-04 3.521e-03 -1.000 8.000e-03 -5.436 -3.471 -4.191 -5.196 -5.714 -6.157 -6.780 -7.266 -7.325
0.00800 2.51e+07 9.8526878357    9.853  4.069  3.6843  1.051    2  0.000  0.538     0.00     0.00 -1         0      0.00 7.290e-01 2.630e-01 1.420e-03 3.876e-04 3.521e-03 -1.000 8.000e-03 -5.404 -3.212 -4.037 -5.111 -5.658 -6.120 -6.785 -7.305 -7.370
0.00800 2.51e+07 9.8527393341    9.853  4.052  3.6737  1.026    2  0.000  0.538     0.00     0.00 -1         0      0.00 7.290e-01 2.630e-01 1.420e-03 3.876e-04 3.521e-03 -1.000 8.000e-03 -5.360 -2.947 -3.874 -5.011 -5.585 -6.068 -6.775 -7.326 -7.398
0.00800 2.51e+07 9.8528041840    9.853  4.030  3.6640  1.009    2  0.000  0.538     0.00     0.00 -1         0      0.00 7.290e-01 2.630e-01 1.420e-03 3.876e-04 3.521e-03 -1.000 8.000e-03 -5.306 -2.684 -3.707 -4.900 -5.502 -6.004 -6.750 -7.329 -7.409
0.00800 2.51e+07 9.8529119492    9.853  4.002  3.6538  0.996    2  0.000  0.538     0.00     0.00 -1         0      0.00 7.290e-01 2.630e-01 1.420e-03 3.876e-04 3.521e-03 -1.000 8.000e-03 -5.236 -2.387 -3.514 -4.766 -5.396 -5.920 -6.709 -7.317 -7.406
0.00800 2.51e+07 9.8530282974    9.853  3.980  3.6449  0.983    2  0.000  0.538     0.00     0.00 -1         0      0.00 7.290e-01 2.630e-01 1.420e-03 3.876e-04 3.521e-03 -1.000 8.000e-03 -5.179 -2.107 -3.338 -4.639 -5.299 -5.846 -6.674 -7.307 -7.407
0.00800 2.51e+07 9.8530683517    9.853  3.974  3.6419  0.978    2  0.000  0.538     0.00     0.00 -1         0      0.00 7.290e-01 2.630e-01 1.420e-03 3.876e-04 3.521e-03 -1.000 8.000e-03 -5.164 -2.017 -3.283 -4.600 -5.271 -5.825 -6.666 -7.308 -7.412
0.00800 2.51e+07 9.8531103134    9.853  3.984  3.6381  0.952    2  0.000  0.537     0.00     0.00 -1         0      0.00 7.290e-01 2.630e-01 1.419e-03 3.878e-04 3.521e-03 -1.000 8.000e-03 -5.191 -1.932 -3.252 -4.594 -5.279 -5.844 -6.702 -7.354 -7.462
0.00800 2.51e+07 9.8532075882    9.853  4.018  3.6290  0.882    3  0.000  0.532     0.00     0.00 -1         0      0.00 7.290e-01 2.630e-01 1.405e-03 3.952e-04 3.521e-03 -1.000 8.000e-03 -5.275 -1.732 -3.192 -4.595 -5.317 -5.908 -6.808 -7.483 -7.606
0.00800 2.51e+07 9.8532648087    9.853  4.058  3.6228  0.817    3  0.000  0.512     0.00     0.00 -1         0      0.00 7.290e-01 2.630e-01 1.351e-03 4.402e-04 3.521e-03 -1.000 8.016e-03 -5.375 -1.619 -3.184 -4.632 -5.380 -5.993 -6.922 -7.613 -7.745
0.00800 2.51e+07 9.8533077240    9.853  4.098  3.6176  0.756    3  0.000  0.476     0.00     0.00 -1         0      0.00 7.289e-01 2.630e-01 1.258e-03 5.372e-04 3.521e-03 -1.000 8.065e-03 -5.476 -1.534 -3.191 -4.677 -5.450 -6.081 -7.034 -7.740 -7.880
0.00800 2.51e+07 9.8533439636    9.853  4.138  3.6131  0.698    3  0.000  0.439     0.00     0.00 -1         0      0.00 7.289e-01 2.630e-01 1.160e-03 6.529e-04 3.521e-03 -1.000 8.100e-03 -5.574 -1.464 -3.204 -4.725 -5.520 -6.167 -7.142 -7.860 -8.007
0.00800 2.51e+07 9.8533525467    9.853  4.147  3.6121  0.685    3  0.000  0.433     0.00     0.00 -1         0      0.00 7.289e-01 2.630e-01 1.145e-03 6.727e-04 3.521e-03 -1.000 8.100e-03 -5.597 -1.449 -3.208 -4.737 -5.536 -6.187 -7.167 -7.887 -8.036
0.00800 2.51e+07 9.8533887863    9.853  4.187  3.6080  0.629    3  0.000  0.413     0.00     0.00 -1         0      0.00 7.289e-01 2.630e-01 1.090e-03 7.409e-04 3.521e-03 -1.000 8.090e-03 -5.697 -1.399 -3.227 -4.787 -5.605 -6.275 -7.275 -8.007 -8.163
0.00800 2.51e+07 9.8533983231    9.853  4.196  3.6070  0.615    3  0.000  0.408     0.00     0.00 -1         0      0.00 7.289e-01 2.631e-01 1.078e-03 7.556e-04 3.520e-03 -1.000 8.000e-03 -5.721 -1.385 -3.231 -4.798 -5.622 -6.296 -7.302 -8.036 -8.194
0.00800 2.51e+07 9.8534126282    9.853  4.210  3.6057  0.597    3  0.000  0.404     0.00     0.00 -1         0      0.00 7.288e-01 2.632e-01 1.065e-03 7.749e-04 3.516e-03 -1.000 8.030e-03 -5.754 -1.370 -3.239 -4.815 -5.645 -6.325 -7.337 -8.076 -8.235
0.00800 2.51e+07 9.8534488678    9.853  4.241  3.6026  0.553    3  0.000  0.395     0.00     0.00 -1         0      0.00 7.285e-01 2.635e-01 1.037e-03 8.251e-04 3.498e-03 -1.000 8.080e-03 -5.832 -1.334 -3.256 -4.855 -5.700 -6.394 -7.421 -8.169 -8.333
0.00800 2.51e+07 9.8535003662    9.853  4.276  3.5992  0.504    3  0.000  0.389     0.00     0.00 -1         0      0.00 7.278e-01 2.641e-01 1.010e-03 8.886e-04 3.464e-03 -1.000 8.095e-03 -5.920 -1.293 -3.274 -4.900 -5.762 -6.471 -7.516 -8.273 -8.443
0.00800 2.51e+07 9.8535804749    9.853  4.308  3.5961  0.460    3  0.000  0.384     0.00     0.00 -1         0      0.00 7.272e-01 2.647e-01 9.895e-04 9.422e-04 3.432e-03 -1.000 8.100e-03 -6.000 -1.253 -3.285 -4.935 -5.814 -6.541 -7.602 -8.368 -8.543
0.00800 2.51e+07 9.8537931442    9.854  4.341  3.5928  0.414    3  0.000  0.381     0.00     0.00 -1         0      0.00 7.258e-01 2.661e-01 9.686e-04 1.008e-03 3.386e-03 -1.000 8.088e-03 -6.082 -1.214 -3.294 -4.968 -5.865 -6.613 -7.691 -8.466 -8.647
0.00800 2.51e+07 9.8544979095    9.854  4.380  3.5890  0.360    3  0.000  0.381     0.00     0.00 -1         0      0.00 7.216e-01 2.704e-01 9.397e-04 1.125e-03 3.293e-03 -1.000 8.027e-03 -6.180 -1.169 -3.305 -5.008 -5.927 -6.698 -7.797 -8.583 -8.770
0.00800 2.51e+07 9.8556108475    9.855  4.405  3.5866  0.325    3  0.000  0.380     0.00     0.00 -1         0      0.00 7.178e-01 2.742e-01 9.212e-04 1.203e-03 3.230e-03 -1.000 8.014e-03 -6.243 -1.142 -3.312 -5.034 -5.967 -6.753 -7.865 -8.658 -8.849
0.00800 2.51e+07 9.8583354950    9.858  4.445  3.5828  0.270    3  0.000  0.380     0.00     0.00 -1         0      0.00 7.108e-01 2.812e-01 8.933e-04 1.323e-03 3.133e-03 -1.000 8.014e-03 -6.344 -1.105 -3.324 -5.073 -6.028 -6.841 -7.974 -8.777 -8.974
0.00800 2.51e+07 9.8784608841    9.878  4.428  3.5850  0.296    4  0.000  0.380     0.00     0.00 -1         0      0.00 7.108e-01 2.811e-01 8.933e-04 1.323e-03 3.133e-03 -1.000 8.012e-03 -6.301 -1.135 -3.332 -5.067 -6.010 -6.806 -7.927 -8.724 -8.917
0.00800 2.51e+07 9.9138317108    9.914  4.393  3.5892  0.350    4  0.000  0.380     0.00     0.00 -1         0      0.00 7.109e-01 2.811e-01 8.933e-04 1.323e-03 3.133e-03 -1.000 8.008e-03 -6.213 -1.198 -3.338 -5.043 -5.962 -6.732 -7.830 -8.615 -8.801
0.00800 2.51e+07 9.9432449341    9.943  4.363  3.5929  0.396    4  0.000  0.380     0.00     0.00 -1         0      0.00 7.109e-01 2.811e-01 8.933e-04 1.323e-03 3.133e-03 -1.000 8.005e-03 -6.138 -1.253 -3.344 -5.023 -5.922 -6.670 -7.749 -8.522 -8.703
0.00800 2.51e+07 9.9731082916    9.973  4.335  3.5965  0.439    4  0.000  0.380     0.00     0.00 -1         0      0.00 7.109e-01 2.811e-01 8.932e-04 1.323e-03 3.133e-03 -1.000 8.003e-03 -6.068 -1.310 -3.353 -5.007 -5.886 -6.612 -7.671 -8.435 -8.610
0.00800 2.51e+07 10.0000000000   10.000  4.320  3.5993  0.468    4  0.000  0.380     0.00     0.00 -1         0      0.00 7.109e-01 2.811e-01 8.932e-04 1.323e-03 3.133e-03 -1.000 8.000e-03 -6.029 -1.368 -3.371 -5.007 -5.871 -6.581 -7.627 -8.382 -8.552
0.00800 2.51e+07 10.0432567596   10.044  4.298  3.6034  0.508    4  0.000  0.380     0.00     0.00 -1         0      0.00 7.109e-01 2.811e-01 8.933e-04 1.323e-03 3.133e-03 -1.000 8.005e-03 -5.975 -1.460 -3.399 -5.005 -5.849 -6.540 -7.565 -8.307 -8.472
0.00800 2.51e+07 10.1034116745   10.104  4.295  3.6077  0.531    4  0.000  0.380     0.00     0.00 -1         0      0.00 7.109e-01 2.811e-01 8.934e-04 1.323e-03 3.132e-03 -1.000 8.011e-03 -5.967 -1.582 -3.467 -5.048 -5.873 -6.545 -7.550 -8.278 -8.436
0.00800 2.51e+07 10.1633071899   10.164  4.308  3.6095  0.527    5  0.000  0.380     0.00     0.00 -1         0      0.00 7.109e-01 2.811e-01 8.935e-04 1.323e-03 3.132e-03 -1.000 8.017e-03 -6.001 -1.661 -3.530 -5.104 -5.921 -6.586 -7.582 -8.303 -8.459
0.00800 2.51e+07 10.1719083786   10.173  4.310  3.6097  0.526    5  0.000  0.380     0.00     0.00 -1         0      0.00 7.109e-01 2.811e-01 8.935e-04 1.323e-03 3.132e-03 -1.000 8.018e-03 -6.006 -1.669 -3.537 -5.111 -5.927 -6.591 -7.587 -8.308 -8.463
0.00800 2.51e+07 10.1736898422   10.175  4.311  3.6097  0.525    5  0.000  0.380     0.00     0.00 -1         0      0.00 7.109e-01 2.811e-01 8.935e-04 1.323e-03 3.132e-03 -1.000 8.018e-03 -6.007 -1.671 -3.539 -5.112 -5.929 -6.592 -7.588 -8.309 -8.464
0.00800 2.51e+07 10.1745080948   10.176  4.311  3.6097  0.525    5  0.000  0.380     0.00     0.00 -1         0      0.00 7.109e-01 2.811e-01 8.935e-04 1.323e-03 3.132e-03 -1.000 8.018e-03 -6.008 -1.672 -3.539 -5.113 -5.929 -6.593 -7.588 -8.309 -8.465
0.00800 2.51e+07 10.1747617722   10.176  4.311  3.6097  0.525    5  0.000  0.380     0.00     0.00 -1         0      0.00 7.109e-01 2.811e-01 8.935e-04 1.323e-03 3.132e-03 -1.000 8.018e-03 -6.008 -1.672 -3.540 -5.113 -5.930 -6.593 -7.588 -8.309 -8.465
0.00800 2.51e+07 10.1749582291   10.176  4.311  3.6097  0.525    5  0.000  0.380     0.00     0.00 -1         0      0.00 7.109e-01 2.811e-01 8.935e-04 1.323e-03 3.132e-03 -1.000 8.018e-03 -6.008 -1.672 -3.540 -5.113 -5.930 -6.593 -7.589 -8.309 -8.465
0.00800 2.51e+07 10.1751050949   10.176  4.311  3.6097  0.525    5  0.000  0.380     0.00     0.00 -1         0      0.00 7.109e-01 2.811e-01 8.935e-04 1.323e-03 3.132e-03 -1.000 8.018e-03 -6.008 -1.672 -3.540 -5.113 -5.930 -6.593 -7.589 -8.310 -8.465
0.00800 2.51e+07 10.1752319336   10.176  4.311  3.6097  0.525    5  0.000  0.380     0.00     0.00 -1         0      0.00 7.109e-01 2.811e-01 8.935e-04 1.323e-03 3.132e-03 -1.000 8.018e-03 -6.008 -1.672 -3.540 -5.113 -5.930 -6.594 -7.589 -8.310 -8.465
0.00800 2.51e+07 10.1753520966   10.176  4.311  3.6097  0.525    5  0.000  0.380     0.00     0.00 -1         0      0.00 7.109e-01 2.811e-01 8.935e-04 1.323e-03 3.132e-03 -1.000 8.018e-03 -6.008 -1.672 -3.540 -5.113 -5.930 -6.594 -7.589 -8.310 -8.465
0.00800 2.51e+07 10.1755008698   10.177  4.311  3.6097  0.525    5  0.000  0.380     0.00     0.00 -1         0      0.00 7.109e-01 2.811e-01 8.935e-04 1.323e-03 3.132e-03 -1.000 8.018e-03 -6.008 -1.673 -3.540 -5.114 -5.930 -6.594 -7.589 -8.310 -8.465
0.00800 2.51e+07 10.1756219864   10.177  4.311  3.6097  0.525    5  0.000  0.380     0.00     0.00 -1         0      0.00 7.109e-01 2.811e-01 8.935e-04 1.323e-03 3.132e-03 -1.000 8.018e-03 -6.008 -1.673 -3.540 -5.114 -5.930 -6.594 -7.589 -8.310 -8.465
0.00800 2.51e+07 10.1757478714   10.177  4.311  3.6097  0.525    5  0.000  0.380     0.00     0.00 -1         0      0.00 7.109e-01 2.811e-01 8.935e-04 1.323e-03 3.132e-03 -1.000 8.018e-03 -6.008 -1.673 -3.540 -5.114 -5.930 -6.594 -7.589 -8.310 -8.465
0.00800 2.51e+07 10.1758785248   10.177  4.311  3.6097  0.525    5  0.000  0.380     0.00     0.00 -1         0      0.00 7.109e-01 2.811e-01 8.935e-04 1.323e-03 3.132e-03 -1.000 8.018e-03 -6.009 -1.673 -3.541 -5.114 -5.930 -6.594 -7.589 -8.310 -8.465
0.00800 2.51e+07 10.1761283875   10.177  4.312  3.6097  0.525    5  0.000  0.380     0.00     0.00 -1         0      0.00 7.109e-01 2.811e-01 8.935e-04 1.323e-03 3.132e-03 -1.000 8.018e-03 -6.009 -1.672 -3.540 -5.114 -5.930 -6.594 -7.589 -8.310 -8.466
0.00800 2.51e+07 10.1763420105   10.177  4.312  3.6097  0.525    5  0.000  0.380     0.00     0.00 -1         0      0.00 7.109e-01 2.811e-01 8.935e-04 1.323e-03 3.132e-03 -1.000 8.018e-03 -6.009 -1.672 -3.540 -5.114 -5.930 -6.594 -7.590 -8.311 -8.466
0.00800 2.51e+07 10.1765699387   10.178  4.312  3.6097  0.525    5  0.000  0.380     0.00     0.00 -1         0      0.00 7.109e-01 2.811e-01 8.935e-04 1.323e-03 3.132e-03 -1.000 8.018e-03 -6.009 -1.671 -3.540 -5.114 -5.931 -6.594 -7.590 -8.311 -8.466
0.00800 2.51e+07 10.1768159866   10.178  4.312  3.6096  0.524    5  0.000  0.380     0.00     0.00 -1         0      0.00 7.109e-01 2.811e-01 8.935e-04 1.323e-03 3.132e-03 -1.000 8.018e-03 -6.010 -1.671 -3.540 -5.114 -5.931 -6.595 -7.590 -8.311 -8.467
0.00800 2.51e+07 10.1771554947   10.178  4.312  3.6096  0.524    5  0.000  0.380     0.00     0.00 -1         0      0.00 7.109e-01 2.811e-01 8.935e-04 1.323e-03 3.132e-03 -1.000 8.018e-03 -6.010 -1.670 -3.539 -5.114 -5.931 -6.595 -7.591 -8.312 -8.467
0.00800 2.51e+07 10.1775426865   10.179  4.312  3.6096  0.524    5  0.000  0.380     0.00     0.00 -1         0      0.00 7.109e-01 2.811e-01 8.935e-04 1.323e-03 3.132e-03 -1.000 8.018e-03 -6.010 -1.669 -3.539 -5.114 -5.931 -6.595 -7.591 -8.312 -8.468
0.00800 2.51e+07 10.1779956818   10.179  4.312  3.6095  0.523    5  0.000  0.380     0.00     0.00 -1         0      0.00 7.109e-01 2.811e-01 8.935e-04 1.323e-03 3.132e-03 -1.000 8.018e-03 -6.011 -1.668 -3.539 -5.113 -5.931 -6.595 -7.592 -8.313 -8.469
0.00800 2.51e+07 10.1785449982   10.180  4.313  3.6095  0.523    5  0.000  0.380     0.00     0.00 -1         0      0.00 7.109e-01 2.811e-01 8.935e-04 1.323e-03 3.132e-03 -1.000 8.018e-03 -6.011 -1.667 -3.538 -5.113 -5.931 -6.596 -7.592 -8.314 -8.470
0.00800 2.51e+07 10.1792478561   10.180  4.313  3.6094  0.522    5  0.000  0.380     0.00     0.00 -1         0      0.00 7.109e-01 2.811e-01 8.935e-04 1.323e-03 3.132e-03 -1.000 8.019e-03 -6.012 -1.665 -3.538 -5.113 -5.931 -6.596 -7.593 -8.315 -8.471
0.00800 2.51e+07 10.1800041199   10.181  4.313  3.6093  0.522    5  0.000  0.380     0.00     0.00 -1         0      0.00 7.109e-01 2.811e-01 8.935e-04 1.323e-03 3.132e-03 -1.000 8.019e-03 -6.013 -1.664 -3.537 -5.113 -5.931 -6.597 -7.594 -8.316 -8.472
0.00800 2.51e+07 10.1810894012   10.182  4.314  3.6092  0.521    5  0.000  0.380     0.00     0.00 -1         0      0.00 7.109e-01 2.811e-01 8.935e-04 1.323e-03 3.132e-03 -1.000 8.019e-03 -6.014 -1.661 -3.536 -5.113 -5.932 -6.598 -7.595 -8.318 -8.474
0.00800 2.51e+07 10.1829538345   10.184  4.314  3.6090  0.520    5  0.000  0.380     0.00     0.00 -1         0      0.00 7.109e-01 2.811e-01 8.935e-04 1.323e-03 3.132e-03 -1.000 8.019e-03 -6.016 -1.657 -3.534 -5.112 -5.932 -6.599 -7.598 -8.321 -8.477
0.00800 2.51e+07 10.1914157867   10.193  4.318  3.6081  0.513    5  0.000  0.380     0.00     0.00 -1         0      0.00 7.109e-01 2.811e-01 8.935e-04 1.323e-03 3.132e-03 -1.000 8.020e-03 -6.025 -1.637 -3.527 -5.111 -5.934 -6.605 -7.608 -8.334 -8.492
0.00800 2.51e+07 10.2440500259   10.245  4.341  3.6026  0.470    6  0.000  0.380     0.00     0.00 -1         0      0.00 7.109e-01 2.811e-01 8.936e-04 1.324e-03 3.132e-03 -1.000 8.025e-03 -6.082 -1.511 -3.480 -5.100 -5.950 -6.645 -7.675 -8.418 -8.584
0.00800 2.51e+07 10.2569341660   10.258  4.349  3.6010  0.457    6  0.000  0.380     0.00     0.00 -1         0      0.00 7.109e-01 2.811e-01 8.936e-04 1.324e-03 3.132e-03 -1.000 8.027e-03 -6.101 -1.475 -3.468 -5.099 -5.957 -6.660 -7.697 -8.445 -8.614
0.00800 2.51e+07 10.2609167099   10.262  4.354  3.6002  0.449    6  0.000  0.380     0.00     0.00 -1         0      0.00 7.109e-01 2.811e-01 8.936e-04 1.324e-03 3.132e-03 -1.000 8.027e-03 -6.114 -1.459 -3.464 -5.100 -5.963 -6.670 -7.711 -8.462 -8.632
0.00800 2.51e+07 10.2644386292   10.266  4.359  3.5994  0.440    6  0.000  0.380     0.00     0.00 -1         0      0.00 7.109e-01 2.811e-01 8.936e-04 1.324e-03 3.132e-03 -1.000 8.027e-03 -6.127 -1.442 -3.461 -5.103 -5.969 -6.680 -7.726 -8.479 -8.650
0.00800 2.51e+07 10.2673187256   10.269  4.363  3.5987  0.433    6  0.000  0.380     0.00     0.00 -1         0      0.00 7.109e-01 2.811e-01 8.936e-04 1.324e-03 3.132e-03 -1.000 8.028e-03 -6.138 -1.428 -3.458 -5.105 -5.975 -6.689 -7.738 -8.493 -8.665
0.00800 2.51e+07 10.2696237564   10.271  4.367  3.5982  0.428    6  0.000  0.380     0.00     0.00 -1         0      0.00 7.109e-01 2.811e-01 8.936e-04 1.324e-03 3.132e-03 -1.000 8.028e-03 -6.146 -1.417 -3.455 -5.107 -5.979 -6.696 -7.748 -8.504 -8.678
0.00800 2.51e+07 10.2715082169   10.273  4.369  3.5977  0.423    6  0.000  0.380     0.00     0.00 -1         0      0.00 7.109e-01 2.811e-01 8.936e-04 1.324e-03 3.132e-03 -1.000 8.028e-03 -6.153 -1.409 -3.453 -5.108 -5.982 -6.701 -7.756 -8.514 -8.688
0.00800 2.51e+07 10.2730779648   10.275  4.372  3.5974  0.419    6  0.000  0.380     0.00     0.00 -1         0      0.00 7.109e-01 2.811e-01 8.937e-04 1.324e-03 3.132e-03 -1.000 8.028e-03 -6.159 -1.402 -3.451 -5.108 -5.985 -6.706 -7.763 -8.521 -8.696
0.00800 2.51e+07 10.2743997574   10.276  4.374  3.5971  0.416    6  0.000  0.380     0.00     0.00 -1         0      0.00 7.109e-01 2.811e-01 8.937e-04 1.324e-03 3.132e-03 -1.000 8.028e-03 -6.164 -1.397 -3.450 -5.109 -5.987 -6.710 -7.768 -8.528 -8.703
0.00800 2.51e+07 10.2755231857   10.277  4.375  3.5968  0.414    6  0.000  0.380     0.00     0.00 -1         0      0.00 7.109e-01 2.811e-01 8.937e-04 1.324e-03 3.132e-03 -1.000 8.029e-03 -6.169 -1.392 -3.449 -5.109 -5.989 -6.714 -7.773 -8.533 -8.709
0.00800 2.51e+07 10.2764902115   10.278  4.377  3.5966  0.411    6  0.000  0.380     0.00     0.00 -1         0      0.00 7.109e-01 2.811e-01 8.937e-04 1.324e-03 3.132e-03 -1.000 8.029e-03 -6.172 -1.388 -3.447 -5.109 -5.990 -6.716 -7.777 -8.538 -8.714
0.00800 2.51e+07 10.2773227692   10.279  4.378  3.5964  0.409    6  0.000  0.380     0.00     0.00 -1         0      0.00 7.109e-01 2.811e-01 8.937e-04 1.324e-03 3.132e-03 -1.000 8.029e-03 -6.175 -1.385 -3.446 -5.109 -5.991 -6.719 -7.780 -8.542 -8.718
0.00800 2.51e+07 10.2780485153   10.280  4.379  3.5962  0.407    6  0.000  0.380     0.00     0.00 -1         0      0.00 7.109e-01 2.811e-01 8.937e-04 1.324e-03 3.132e-03 -1.000 8.029e-03 -6.178 -1.382 -3.446 -5.110 -5.993 -6.721 -7.784 -8.546 -8.722
0.00800 2.51e+07 10.2786808014   10.280  4.380  3.5960  0.406    6  0.000  0.380     0.00     0.00 -1         0      0.00 7.109e-01 2.811e-01 8.937e-04 1.324e-03 3.132e-03 -1.000 8.029e-03 -6.181 -1.379 -3.445 -5.110 -5.994 -6.723 -7.786 -8.549 -8.726
0.00800 2.51e+07 10.2792339325   10.281  4.381  3.5959  0.405    6  0.000  0.380     0.00     0.00 -1         0      0.00 7.109e-01 2.811e-01 8.937e-04 1.324e-03 3.132e-03 -1.000 8.029e-03 -6.183 -1.377 -3.444 -5.110 -5.994 -6.725 -7.789 -8.552 -8.729
0.00800 2.51e+07 10.2797155380   10.281  4.382  3.5958  0.403    6  0.000  0.380     0.00     0.00 -1         0      0.00 7.109e-01 2.811e-01 8.937e-04 1.324e-03 3.132e-03 -1.000 8.029e-03 -6.185 -1.375 -3.444 -5.110 -5.995 -6.726 -7.791 -8.554 -8.731
0.00800 2.51e+07 10.2801361084   10.282  4.382  3.5957  0.402    6  0.000  0.380     0.00     0.00 -1         0      0.00 7.109e-01 2.811e-01 8.937e-04 1.324e-03 3.132e-03 -1.000 8.029e-03 -6.186 -1.373 -3.443 -5.110 -5.996 -6.727 -7.792 -8.556 -8.733
0.00800 2.51e+07 10.2805070877   10.282  4.383  3.5956  0.401    6  0.000  0.380     0.00     0.00 -1         0      0.00 7.109e-01 2.811e-01 8.937e-04 1.324e-03 3.132e-03 -1.000 8.029e-03 -6.188 -1.372 -3.443 -5.110 -5.996 -6.729 -7.794 -8.558 -8.735
0.00800 2.51e+07 10.2808418274   10.282  4.384  3.5955  0.401    6  0.000  0.381     0.00     0.00 -1         0      0.00 7.109e-01 2.811e-01 8.937e-04 1.324e-03 3.132e-03 -1.000 8.029e-03 -6.189 -1.370 -3.442 -5.111 -5.997 -6.730 -7.795 -8.560 -8.737
0.00800 2.51e+07 10.2812299728   10.283  4.384  3.5954  0.399    6  0.000  0.381     0.00     0.00 -1         0      0.00 7.109e-01 2.811e-01 8.937e-04 1.324e-03 3.132e-03 -1.000 8.029e-03 -6.191 -1.368 -3.442 -5.111 -5.998 -6.731 -7.798 -8.562 -8.740
0.00800 2.51e+07 10.2815313339   10.283  4.386  3.5952  0.397    6  0.000  0.381     0.00     0.00 -1         0      0.00 7.109e-01 2.811e-01 8.937e-04 1.324e-03 3.132e-03 -1.000 8.029e-03 -6.194 -1.366 -3.441 -5.112 -6.000 -6.734 -7.802 -8.567 -8.745
0.00800 2.51e+07 10.2818508148   10.283  4.387  3.5950  0.395    6  0.000  0.381     0.00     0.00 -1         0      0.00 7.109e-01 2.811e-01 8.937e-04 1.324e-03 3.132e-03 -1.000 8.029e-03 -6.198 -1.363 -3.441 -5.113 -6.002 -6.737 -7.806 -8.572 -8.750
0.00800 2.51e+07 10.2822141647   10.284  4.389  3.5948  0.392    6  0.000  0.381     0.00     0.00 -1         0      0.00 7.109e-01 2.811e-01 8.937e-04 1.324e-03 3.132e-03 -1.000 8.029e-03 -6.203 -1.359 -3.440 -5.114 -6.004 -6.741 -7.811 -8.577 -8.756
0.00800 2.51e+07 10.2826843262   10.284  4.391  3.5945  0.389    6  0.000  0.381     0.00     0.00 -1         0      0.00 7.109e-01 2.811e-01 8.937e-04 1.324e-03 3.132e-03 -1.000 8.029e-03 -6.208 -1.355 -3.440 -5.115 -6.007 -6.746 -7.817 -8.584 -8.763
0.00800 2.51e+07 10.2834138870   10.285  4.396  3.5939  0.382    6  0.000  0.381     0.00     0.00 -1         0      0.00 7.109e-01 2.811e-01 8.937e-04 1.324e-03 3.132e-03 -1.000 8.029e-03 -6.220 -1.346 -3.439 -5.118 -6.013 -6.755 -7.830 -8.599 -8.779
0.00800 2.51e+07 10.2841405869   10.286  4.401  3.5933  0.375    6  0.000  0.381     0.00     0.00 -1         0      0.00 7.109e-01 2.811e-01 8.937e-04 1.324e-03 3.132e-03 -1.000 8.029e-03 -6.232 -1.337 -3.438 -5.121 -6.019 -6.765 -7.843 -8.614 -8.795
0.00800 2.51e+07 10.2848663330   10.286  4.406  3.5927  0.368    6  0.000  0.381     0.00     0.00 -1         0      0.00 7.109e-01 2.811e-01 8.937e-04 1.324e-03 3.132e-03 -1.000 8.029e-03 -6.244 -1.328 -3.437 -5.124 -6.026 -6.776 -7.856 -8.629 -8.811
0.00800 2.51e+07 10.2855825424   10.287  4.410  3.5922  0.360    6  0.000  0.381     0.00     0.00 -1         0      0.00 7.109e-01 2.811e-01 8.937e-04 1.324e-03 3.132e-03 -1.000 8.029e-03 -6.256 -1.319 -3.436 -5.127 -6.032 -6.785 -7.869 -8.644 -8.826
0.00800 2.51e+07 10.2882289886   10.290  4.446  3.5880  0.308    6  0.000  0.381     0.00     0.00 -1         0      0.00 7.109e-01 2.811e-01 8.937e-04 1.324e-03 3.132e-03 -1.000 8.030e-03 -6.346 -1.261 -3.433 -5.154 -6.082 -6.861 -7.967 -8.754 -8.943
0.00800 2.51e+07 10.2889623642   10.291  4.469  3.5855  0.276    6  0.000  0.381     0.00     0.00 -1         0      0.00 7.109e-01 2.811e-01 8.937e-04 1.324e-03 3.132e-03 -1.000 8.030e-03 -6.402 -1.228 -3.433 -5.173 -6.115 -6.909 -8.029 -8.822 -9.015
0.00800 2.51e+07 10.2893466949   10.291  4.498  3.5824  0.234    7  0.000  0.381     0.00     0.00 -1         0      0.00 7.109e-01 2.811e-01 8.937e-04 1.324e-03 3.132e-03 -1.000 8.030e-03 -6.476 -1.195 -3.435 -5.194 -6.155 -6.972 -8.109 -8.911 -9.110
0.00800 2.51e+07 10.2913131714   10.293  4.506  3.5817  0.223    7  0.000  0.381     0.00     0.00 -1         0      0.00 7.109e-01 2.811e-01 8.937e-04 1.324e-03 3.131e-03 -1.000 8.030e-03 -6.496 -1.189 -3.435 -5.200 -6.165 -6.989 -8.130 -8.934 -9.134
0.00800 2.51e+07 10.2922077179   10.294  4.510  3.5813  0.218    7  0.000  0.381     0.00     0.00 -1         0      0.00 7.109e-01 2.811e-01 8.937e-04 1.324e-03 3.131e-03 -1.000 8.030e-03 -6.504 -1.185 -3.435 -5.201 -6.169 -6.996 -8.140 -8.945 -9.145
0.00800 2.51e+07 10.2928409576   10.294  4.522  3.5800  0.201    7  0.000  0.381     0.00     0.00 -1         0      0.00 7.109e-01 2.811e-01 8.937e-04 1.324e-03 3.131e-03 -1.000 8.030e-03 -6.534 -1.173 -3.433 -5.208 -6.182 -7.021 -8.172 -8.981 -9.184
0.00800 2.51e+07 10.2936258316   10.295  4.539  3.5782  0.177    7  0.000  0.381     0.00     0.00 -1         0      0.00 7.109e-01 2.811e-01 8.937e-04 1.324e-03 3.131e-03 -1.000 8.030e-03 -6.577 -1.157 -3.432 -5.217 -6.203 -7.057 -8.219 -9.032 -9.238
0.00800 2.51e+07 10.2946081161   10.296  4.567  3.5753  0.136    7  0.000  0.381     0.00     0.00 -1         0      0.00 7.109e-01 2.811e-01 8.937e-04 1.324e-03 3.131e-03 -1.000 8.031e-03 -6.649 -1.132 -3.432 -5.234 -6.238 -7.118 -8.297 -9.118 -9.329
0.00800 2.51e+07 10.2958345413   10.297  4.606  3.5713  0.082    7  0.000  0.380     0.00     0.00 -1         0      0.00 7.109e-01 2.811e-01 8.933e-04 1.324e-03 3.131e-03 -1.000 8.031e-03 -6.744 -1.100 -3.430 -5.257 -6.285 -7.198 -8.400 -9.233 -9.451
0.00800 2.51e+07 10.2972431183   10.299  4.644  3.5674  0.028    7  0.000  0.380     0.00     0.00 -1         0      0.00 7.108e-01 2.811e-01 8.914e-04 1.327e-03 3.131e-03 -1.000 8.031e-03 -6.841 -1.078 -3.422 -5.265 -6.320 -7.278 -8.505 -9.348 -9.572
0.00800 2.51e+07 10.2988748550   10.301  4.682  3.5634 -0.026    7  0.000  0.378     0.00     0.00 -1         0      0.00 7.100e-01 2.820e-01 8.859e-04 1.341e-03 3.122e-03 -1.000 8.019e-03 -6.936 -1.058 -3.403 -5.260 -6.345 -7.355 -8.611 -9.463 -9.694
0.00800 2.51e+07 10.3006095886   10.302  4.719  3.5594 -0.078    7  0.000  0.378     0.00     0.00 -1         0      0.00 7.076e-01 2.844e-01 8.788e-04 1.370e-03 3.098e-03 -1.000 8.061e-03 -7.028 -1.040 -3.379 -5.251 -6.368 -7.429 -8.713 -9.575 -9.813
0.00800 2.51e+07 10.3027286530   10.304  4.759  3.5554 -0.134    7  0.000  0.378     0.00     0.00 -1         0      0.00 7.056e-01 2.864e-01 8.738e-04 1.392e-03 3.080e-03 -1.000 8.009e-03 -7.127 -1.029 -3.357 -5.242 -6.393 -7.510 -8.823 -9.694 -9.939
0.00800 2.51e+07 10.3090448380   10.311  4.807  3.5507 -0.201    7  0.000  0.378     0.00     0.00 -1         0      0.00 7.020e-01 2.900e-01 8.676e-04 1.420e-03 3.057e-03 -1.000 8.057e-03 -7.248 -1.029 -3.312 -5.195 -6.396 -7.600 -8.958 -9.837 -10.090
0.00800 2.51e+07 10.3210334778   10.323  4.842  3.5474 -0.248    7  0.000  0.378     0.00     0.00 -1         0      0.00 6.958e-01 2.962e-01 8.603e-04 1.453e-03 3.031e-03 -1.000 8.000e-03 -7.334 -1.032 -3.282 -5.162 -6.399 -7.665 -9.055 -9.941 -10.199
0.00800 2.51e+07 10.3426380157   10.344  4.864  3.5455 -0.278    7  0.000  0.379     0.00     0.00 -1         0      0.00 6.891e-01 3.029e-01 8.525e-04 1.488e-03 3.002e-03 -1.000 8.000e-03 -7.390 -1.037 -3.268 -5.147 -6.406 -7.708 -9.117 -10.006 -10.269
